#Date       Time        gpu    pwr  gtemp  mtemp     sm    mem    enc    dec    jpg    ofa   mclk   pclk  pviol  tviol     fb   bar1  sbecc  dbecc    pci  rxpci  txpci 
#YYYYMMDD   HH:MM:SS    Idx      W      C      C      %      %      %      %      %      %    MHz    MHz      %   bool     MB     MB   errs   errs   errs   MB/s   MB/s 
 20231013   05:13:04      0      9     35      -      0      0      0      0      0      0    405    300      0      0      6      2      0      0      0      0      0 
 20231013   05:13:04      1      9     37      -      0      0      0      0      0      0    405    300      0      0      6      2      0      0      0      0      0 
 20231013   05:13:05      0      9     35      -      0      0      0      0      0      0    405    300      0      0      6      2      0      0      0      0      0 
 20231013   05:13:05      1      9     37      -      0      0      0      0      0      0    405    300      0      0      6      2      0      0      0      0      0 
 20231013   05:13:06      0      9     35      -      0      0      0      0      0      0    405    300      0      0      6      2      0      0      0      0      0 
 20231013   05:13:06      1      9     37      -      0      0      0      0      0      0    405    300      0      0      6      2      0      0      0      0      0 
 20231013   05:13:07      0      9     35      -      0      0      0      0      0      0    405    300      0      0      6      2      0      0      0      0      0 
 20231013   05:13:07      1      9     37      -      0      0      0      0      0      0    405    300      0      0      6      2      0      0      0      0      0 
 20231013   05:13:08      0      9     35      -      0      0      0      0      0      0    405    300      0      0      6      2      0      0      0      0      0 
 20231013   05:13:08      1      9     37      -      0      0      0      0      0      0    405    300      0      0      6      2      0      0      0      0      0 
 20231013   05:13:10      0      9     35      -      0      0      0      0      0      0    405    300      0      0      6      2      0      0      0      0      0 
 20231013   05:13:10      1      9     37      -      0      0      0      0      0      0    405    300      0      0      6      2      0      0      0      0      0 
 20231013   05:13:11      0      9     35      -      0      0      0      0      0      0    405    300      0      0      6      2      0      0      0      0      0 
 20231013   05:13:11      1      9     37      -      0      0      0      0      0      0    405    300      0      0      6      2      0      0      0      0      0 
 20231013   05:13:12      0      9     35      -      0      0      0      0      0      0    405    300      0      0      6      2      0      0      0      0      0 
 20231013   05:13:12      1      9     37      -      0      0      0      0      0      0    405    300      0      0      6      2      0      0      0      0      0 
 20231013   05:13:13      0      9     35      -      0      0      0      0      0      0    405    300      0      0      6      2      0      0      0      0      0 
 20231013   05:13:13      1      9     37      -      0      0      0      0      0      0    405    300      0      0      6      2      0      0      0      0      0 
 20231013   05:13:14      0      9     35      -      0      0      0      0      0      0    405    300      0      0      6      2      0      0      0      0      0 
 20231013   05:13:14      1     10     37      -      0      0      0      0      0      0    405    300      0      0      6      2      0      0      0      0      0 
 20231013   05:13:15      0      9     35      -      0      0      0      0      0      0    405    300      0      0      6      2      0      0      0      0      0 
 20231013   05:13:15      1      9     37      -      0      0      0      0      0      0    405    300      0      0      6      2      0      0      0      0      0 
 20231013   05:13:16      0      9     35      -      0      0      0      0      0      0    405    300      0      0      6      2      0      0      0      0      0 
 20231013   05:13:16      1      9     37      -      0      0      0      0      0      0    405    300      0      0      6      2      0      0      0      0      0 
 20231013   05:13:18      0      9     35      -      0      0      0      0      0      0    405    300      0      0      6      2      0      0      0      0      0 
 20231013   05:13:18      1      9     37      -      0      0      0      0      0      0    405    300      0      0      6      2      0      0      0      0      0 
 20231013   05:13:19      0     11     35      -      0      0      0      0      0      0    405    300      0      0      6      2      0      0      0      0      0 
 20231013   05:13:19      1      9     37      -      0      0      0      0      0      0    405    300      0      0      6      2      0      0      0      0      0 
 20231013   05:13:20      0      9     35      -      0      0      0      0      0      0    405    300      0      0      6      2      0      0      0      0      0 
 20231013   05:13:20      1      9     37      -      0      0      0      0      0      0    405    300      0      0      6      2      0      0      0      0      0 
 20231013   05:13:21      0      9     35      -      0      0      0      0      0      0    405    300      0      0      6      2      0      0      0      0      0 
 20231013   05:13:21      1      9     37      -      0      0      0      0      0      0    405    300      0      0      6      2      0      0      0      0      0 
 20231013   05:13:22      0      9     35      -      0      0      0      0      0      0    405    300      0      0      6      2      0      0      0      0      0 
 20231013   05:13:22      1      9     37      -      0      0      0      0      0      0    405    300      0      0      6      2      0      0      0      0      0 
 20231013   05:13:23      0      9     35      -      0      0      0      0      0      0    405    300      0      0      6      2      0      0      0      0      0 
 20231013   05:13:23      1      9     37      -      0      0      0      0      0      0    405    300      0      0      6      2      0      0      0      0      0 
 20231013   05:13:24      0     13     35      -      0      0      0      0      0      0    405    300      0      0      9      3      0      0      0      0      1 
 20231013   05:13:24      1     13     37      -      0      0      0      0      0      0    405    300      0      0      9      3      0      0      0      0      0 
 20231013   05:13:26      0      9     35      -      0      0      0      0      0      0    405    300      0      0      9      3      0      0      0      0      0 
 20231013   05:13:26      1      9     37      -      0      0      0      0      0      0    405    300      0      0      9      3      0      0      0      0      0 
 20231013   05:13:27      0      9     35      -      0      0      0      0      0      0    405    300      0      0      9      3      0      0      0      0      0 
 20231013   05:13:27      1      9     37      -      0      0      0      0      0      0    405    300      0      0      9      3      0      0      0      0      0 
 20231013   05:13:28      0      9     35      -      0      0      0      0      0      0    405    300      0      0      9      3      0      0      0      0      0 
 20231013   05:13:28      1      9     37      -      0      0      0      0      0      0    405    300      0      0      9      3      0      0      0      0      0 
#Date       Time        gpu    pwr  gtemp  mtemp     sm    mem    enc    dec    jpg    ofa   mclk   pclk  pviol  tviol     fb   bar1  sbecc  dbecc    pci  rxpci  txpci 
#YYYYMMDD   HH:MM:SS    Idx      W      C      C      %      %      %      %      %      %    MHz    MHz      %   bool     MB     MB   errs   errs   errs   MB/s   MB/s 
 20231013   05:13:29      0      9     35      -      0      0      0      0      0      0    405    300      0      0      9      3      0      0      0      0      0 
 20231013   05:13:29      1      9     37      -      0      0      0      0      0      0    405    300      0      0      9      3      0      0      0      0      0 
 20231013   05:13:30      0      9     35      -      0      0      0      0      0      0    405    300      0      0      9      3      0      0      0      0      0 
 20231013   05:13:30      1      9     37      -      0      0      0      0      0      0    405    300      0      0      9      3      0      0      0      0      0 
 20231013   05:13:31      0      9     35      -      0      0      0      0      0      0    405    300      0      0      9      3      0      0      0      0      0 
 20231013   05:13:31      1      9     37      -      0      0      0      0      0      0    405    300      0      0      9      3      0      0      0      0      0 
 20231013   05:13:32      0      8     35      -      0      0      0      0      0      0    405    300      0      0      9      3      0      0      0      0      0 
 20231013   05:13:32      1      9     37      -      0      0      0      0      0      0    405    300      0      0      9      3      0      0      0      0      0 
 20231013   05:13:34      0      9     35      -      0      0      0      0      0      0    405    300      0      0      9      3      0      0      0      0      0 
 20231013   05:13:34      1      9     37      -      0      0      0      0      0      0    405    300      0      0      9      3      0      0      0      0      0 
 20231013   05:13:35      0      9     35      -      0      0      0      0      0      0    405    300      0      0      9      3      0      0      0      0      0 
 20231013   05:13:35      1      9     37      -      0      0      0      0      0      0    405    300      0      0      9      3      0      0      0      0      0 
 20231013   05:13:36      0      9     35      -      0      0      0      0      0      0    405    300      0      0      9      3      0      0      0      0      0 
 20231013   05:13:36      1      9     37      -      0      0      0      0      0      0    405    300      0      0      9      3      0      0      0      0      0 
 20231013   05:13:37      0      9     35      -      0      0      0      0      0      0    405    300      0      0      9      3      0      0      0      0      0 
 20231013   05:13:37      1      9     37      -      0      0      0      0      0      0    405    300      0      0      9      3      0      0      0      0      0 
 20231013   05:13:38      0      9     35      -      0      0      0      0      0      0    405    300      0      0      9      3      0      0      0      0      0 
 20231013   05:13:38      1      9     37      -      0      0      0      0      0      0    405    300      0      0      9      3      0      0      0      0      0 
 20231013   05:13:39      0      9     35      -      0      0      0      0      0      0    405    300      0      0      9      3      0      0      0      0      0 
 20231013   05:13:39      1      9     37      -      0      0      0      0      0      0    405    300      0      0      9      3      0      0      0      0      0 
 20231013   05:13:40      0      9     35      -      0      0      0      0      0      0    405    300      0      0      9      3      0      0      0      0      0 
 20231013   05:13:40      1      9     37      -      0      0      0      0      0      0    405    300      0      0      9      3      0      0      0      0      0 
 20231013   05:13:42      0      9     35      -      0      0      0      0      0      0    405    300      0      0      9      3      0      0      0      0      0 
 20231013   05:13:42      1      9     37      -      0      0      0      0      0      0    405    300      0      0      9      3      0      0      0      0      0 
 20231013   05:13:43      0      9     35      -      0      0      0      0      0      0    405    300      0      0      9      3      0      0      0      0      0 
 20231013   05:13:43      1      9     38      -      0      0      0      0      0      0    405    300      0      0      9      3      0      0      0      0      0 
 20231013   05:13:44      0      9     35      -      0      0      0      0      0      0    405    300      0      0      9      3      0      0      0      0      0 
 20231013   05:13:44      1      9     38      -      0      0      0      0      0      0    405    300      0      0      9      3      0      0      0      0      0 
 20231013   05:13:45      0      9     35      -      0      0      0      0      0      0    405    300      0      0      9      3      0      0      0      0      0 
 20231013   05:13:45      1      9     37      -      0      0      0      0      0      0    405    300      0      0      9      3      0      0      0      0      0 
 20231013   05:13:46      0      9     35      -      0      0      0      0      0      0    405    300      0      0      9      3      0      0      0      0      0 
 20231013   05:13:46      1      9     37      -      0      0      0      0      0      0    405    300      0      0      9      3      0      0      0      0      0 
 20231013   05:13:47      0      9     35      -      0      0      0      0      0      0    405    300      0      0      9      3      0      0      0      0      0 
 20231013   05:13:47      1      9     37      -      0      0      0      0      0      0    405    300      0      0      9      3      0      0      0      0      0 
 20231013   05:13:48      0      9     35      -      0      0      0      0      0      0    405    300      0      0      9      3      0      0      0      0      0 
 20231013   05:13:48      1      9     37      -      0      0      0      0      0      0    405    300      0      0      9      3      0      0      0      0      0 
 20231013   05:13:50      0      9     35      -      0      0      0      0      0      0    405    300      0      0      9      3      0      0      0      0      0 
 20231013   05:13:50      1      9     37      -      0      0      0      0      0      0    405    300      0      0      9      3      0      0      0      0      0 
 20231013   05:13:51      0      9     35      -      0      0      0      0      0      0    405    300      0      0      9      3      0      0      0      0      0 
 20231013   05:13:51      1      9     37      -      0      0      0      0      0      0    405    300      0      0      9      3      0      0      0      0      0 
 20231013   05:13:52      0      9     35      -      0      0      0      0      0      0    405    300      0      0      9      3      0      0      0      0      0 
 20231013   05:13:52      1      9     37      -      0      0      0      0      0      0    405    300      0      0      9      3      0      0      0      0      0 
 20231013   05:13:53      0      9     35      -      0      0      0      0      0      0    405    300      0      0      9      3      0      0      0      0      0 
 20231013   05:13:53      1      9     37      -      0      0      0      0      0      0    405    300      0      0      9      3      0      0      0      0      0 
#Date       Time        gpu    pwr  gtemp  mtemp     sm    mem    enc    dec    jpg    ofa   mclk   pclk  pviol  tviol     fb   bar1  sbecc  dbecc    pci  rxpci  txpci 
#YYYYMMDD   HH:MM:SS    Idx      W      C      C      %      %      %      %      %      %    MHz    MHz      %   bool     MB     MB   errs   errs   errs   MB/s   MB/s 
 20231013   05:13:54      0      9     35      -      0      0      0      0      0      0    405    300      0      0      9      3      0      0      0      0      0 
 20231013   05:13:54      1      9     37      -      0      0      0      0      0      0    405    300      0      0      9      3      0      0      0      0      0 
 20231013   05:13:55      0      9     35      -      0      0      0      0      0      0    405    300      0      0      9      3      0      0      0      0      0 
 20231013   05:13:55      1      9     37      -      0      0      0      0      0      0    405    300      0      0      9      3      0      0      0      0      0 
 20231013   05:13:56      0      9     35      -      0      0      0      0      0      0    405    300      0      0      9      3      0      0      0      0      0 
 20231013   05:13:56      1      9     37      -      0      0      0      0      0      0    405    300      0      0      9      3      0      0      0      0      0 
 20231013   05:13:57      0      9     35      -      0      0      0      0      0      0    405    300      0      0      9      3      0      0      0      0      0 
 20231013   05:13:57      1      9     37      -      0      0      0      0      0      0    405    300      0      0      9      3      0      0      0      0      0 
 20231013   05:13:59      0      9     35      -      0      0      0      0      0      0    405    300      0      0      9      3      0      0      0      0      0 
 20231013   05:13:59      1      9     37      -      0      0      0      0      0      0    405    300      0      0      9      3      0      0      0      0      0 
 20231013   05:14:00      0      9     35      -      0      0      0      0      0      0    405    300      0      0      9      3      0      0      0      0      0 
 20231013   05:14:00      1      9     37      -      0      0      0      0      0      0    405    300      0      0      9      3      0      0      0      0      0 
 20231013   05:14:01      0      8     35      -      0      0      0      0      0      0    405    300      0      0      9      3      0      0      0      0      0 
 20231013   05:14:01      1      9     37      -      0      0      0      0      0      0    405    300      0      0      9      3      0      0      0      0      0 
 20231013   05:14:02      0      9     35      -      0      0      0      0      0      0    405    300      0      0      9      3      0      0      0      0      0 
 20231013   05:14:02      1      9     37      -      0      0      0      0      0      0    405    300      0      0      9      3      0      0      0      0      0 
 20231013   05:14:03      0      9     35      -      0      0      0      0      0      0    405    300      0      0      9      3      0      0      0      0      0 
 20231013   05:14:03      1      9     37      -      0      0      0      0      0      0    405    300      0      0      9      3      0      0      0      0      0 
 20231013   05:14:04      0      9     35      -      0      0      0      0      0      0    405    300      0      0      9      3      0      0      0      0      0 
 20231013   05:14:04      1      9     37      -      0      0      0      0      0      0    405    300      0      0      9      3      0      0      0      0      0 
 20231013   05:14:05      0      9     35      -      0      0      0      0      0      0    405    300      0      0      9      3      0      0      0      0      0 
 20231013   05:14:05      1      9     37      -      0      0      0      0      0      0    405    300      0      0      9      3      0      0      0      0      0 
 20231013   05:14:07      0      9     35      -      0      0      0      0      0      0    405    300      0      0      9      3      0      0      0      0      0 
 20231013   05:14:07      1      9     37      -      0      0      0      0      0      0    405    300      0      0      9      3      0      0      0      0      0 
 20231013   05:14:08      0      9     35      -      0      0      0      0      0      0    405    300      0      0      9      3      0      0      0      0      0 
 20231013   05:14:08      1      9     37      -      0      0      0      0      0      0    405    300      0      0      9      3      0      0      0      0      0 
 20231013   05:14:09      0     10     35      -      0      0      0      0      0      0    405    300      0      0      9      3      0      0      0      0      0 
 20231013   05:14:09      1      9     37      -      0      0      0      0      0      0    405    300      0      0      9      3      0      0      0      0      0 
 20231013   05:14:10      0      9     35      -      0      0      0      0      0      0    405    300      0      0      9      3      0      0      0      0      0 
 20231013   05:14:10      1      9     37      -      0      0      0      0      0      0    405    300      0      0      9      3      0      0      0      0      0 
 20231013   05:14:11      0      9     35      -      0      0      0      0      0      0    405    300      0      0      9      3      0      0      0      0      0 
 20231013   05:14:11      1      9     37      -      0      0      0      0      0      0    405    300      0      0      9      3      0      0      0      0      0 
 20231013   05:14:12      0      9     35      -      0      0      0      0      0      0    405    300      0      0      9      3      0      0      0      0      0 
 20231013   05:14:12      1      9     37      -      0      0      0      0      0      0    405    300      0      0      9      3      0      0      0      0      0 
 20231013   05:14:13      0      9     34      -      0      0      0      0      0      0    405    300      0      0      9      3      0      0      0      0      0 
 20231013   05:14:13      1      9     37      -      0      0      0      0      0      0    405    300      0      0      9      3      0      0      0      0      0 
 20231013   05:14:15      0      9     34      -      0      0      0      0      0      0    405    300      0      0      9      3      0      0      0      0      0 
 20231013   05:14:15      1     10     37      -      0      0      0      0      0      0    405    300      0      0      9      3      0      0      0      0      0 
 20231013   05:14:16      0      9     34      -      0      0      0      0      0      0    405    300      0      0      9      3      0      0      0      0      0 
 20231013   05:14:16      1      9     37      -      0      0      0      0      0      0    405    300      0      0      9      3      0      0      0      0      0 
 20231013   05:14:17      0      9     35      -      0      0      0      0      0      0    405    300      0      0      9      3      0      0      0      0      0 
 20231013   05:14:17      1      9     37      -      0      0      0      0      0      0    405    300      0      0      9      3      0      0      0      0      0 
 20231013   05:14:18      0      9     35      -      0      0      0      0      0      0    405    300      0      0      9      3      0      0      0      0      0 
 20231013   05:14:18      1      9     37      -      0      0      0      0      0      0    405    300      0      0      9      3      0      0      0      0      0 
#Date       Time        gpu    pwr  gtemp  mtemp     sm    mem    enc    dec    jpg    ofa   mclk   pclk  pviol  tviol     fb   bar1  sbecc  dbecc    pci  rxpci  txpci 
#YYYYMMDD   HH:MM:SS    Idx      W      C      C      %      %      %      %      %      %    MHz    MHz      %   bool     MB     MB   errs   errs   errs   MB/s   MB/s 
 20231013   05:14:19      0      9     34      -      0      0      0      0      0      0    405    300      0      0      9      3      0      0      0      0      0 
 20231013   05:14:19      1      9     37      -      0      0      0      0      0      0    405    300      0      0      9      3      0      0      0      0      0 
 20231013   05:14:20      0      9     35      -      0      0      0      0      0      0    405    300      0      0      9      3      0      0      0      0      0 
 20231013   05:14:20      1      9     37      -      0      0      0      0      0      0    405    300      0      0      9      3      0      0      0      0      0 
 20231013   05:14:21      0      9     34      -      0      0      0      0      0      0    405    300      0      0      9      3      0      0      0      0      0 
 20231013   05:14:21      1      9     37      -      0      0      0      0      0      0    405    300      0      0      9      3      0      0      0      0      0 
 20231013   05:14:23      0     25     35      -      0      0      0      0      0      0   5000    585      0      0     19      5      0      0      0     15     13 
 20231013   05:14:23      1      9     37      -      0      0      0      0      0      0    405    300      0      0      9      3      0      0      0      0      0 
 20231013   05:14:24      0     26     35      -      0      0      0      0      0      0   5000   1005      0      0    113      5      0      0      0      0      0 
 20231013   05:14:24      1      9     37      -      0      0      0      0      0      0    405    300      0      0      9      3      0      0      0      0      0 
 20231013   05:14:25      0     25     35      -      0      0      0      0      0      0   5000    585      0      0    113      5      0      0      0      0      0 
 20231013   05:14:25      1      9     37      -      0      0      0      0      0      0    405    300      0      0      9      3      0      0      0      0      0 
 20231013   05:14:26      0     25     36      -      0      0      0      0      0      0   5000    585      0      0    113      5      0      0      0      0      0 
 20231013   05:14:26      1      9     37      -      0      0      0      0      0      0    405    300      0      0      9      3      0      0      0      0      0 
 20231013   05:14:27      0     25     36      -      0      0      0      0      0      0   5000    585      0      0    113      5      0      0      0      0      0 
 20231013   05:14:27      1      9     37      -      0      0      0      0      0      0    405    300      0      0      9      3      0      0      0      0      0 
 20231013   05:14:28      0     25     36      -      0      0      0      0      0      0   5000    585      0      0    113      5      0      0      0      0      0 
 20231013   05:14:28      1      9     37      -      0      0      0      0      0      0    405    300      0      0      9      3      0      0      0      0      0 
 20231013   05:14:29      0     25     36      -      0      0      0      0      0      0   5000    585      0      0    113      5      0      0      0      0      0 
 20231013   05:14:29      1      9     37      -      0      0      0      0      0      0    405    300      0      0      9      3      0      0      0      0      0 
 20231013   05:14:31      0     25     36      -      0      0      0      0      0      0   5000    585      0      0    113      5      0      0      0      0      0 
 20231013   05:14:31      1      9     37      -      0      0      0      0      0      0    405    300      0      0      9      3      0      0      0      0      0 
 20231013   05:14:32      0     25     36      -      0      0      0      0      0      0   5000    585      0      0    113      5      0      0      0      0      0 
 20231013   05:14:32      1      9     37      -      0      0      0      0      0      0    405    300      0      0      9      3      0      0      0      0      0 
 20231013   05:14:33      0     25     37      -      0      0      0      0      0      0   5000    585      0      0    113      5      0      0      0      0      0 
 20231013   05:14:33      1      9     37      -      0      0      0      0      0      0    405    300      0      0      9      3      0      0      0      0      0 
 20231013   05:14:34      0     25     37      -      0      0      0      0      0      0   5000    585      0      0    113      5      0      0      0      0      0 
 20231013   05:14:34      1      9     37      -      0      0      0      0      0      0    405    300      0      0      9      3      0      0      0      0      0 
 20231013   05:14:35      0     25     37      -      0      0      0      0      0      0   5000    585      0      0    113      5      0      0      0      0      0 
 20231013   05:14:35      1     10     37      -      0      0      0      0      0      0    405    300      0      0      9      3      0      0      0      0      0 
 20231013   05:14:36      0     25     37      -      0      0      0      0      0      0   5000    585      0      0    113      5      0      0      0      0      0 
 20231013   05:14:36      1      9     37      -      0      0      0      0      0      0    405    300      0      0      9      3      0      0      0      0      0 
 20231013   05:14:37      0     25     37      -      0      0      0      0      0      0   5000    585      0      0    113      5      0      0      0      0      0 
 20231013   05:14:37      1      9     37      -      0      0      0      0      0      0    405    300      0      0      9      3      0      0      0      0      0 
 20231013   05:14:38      0     25     37      -      0      0      0      0      0      0   5000    585      0      0    113      5      0      0      0      0      0 
 20231013   05:14:38      1      9     37      -      0      0      0      0      0      0    405    300      0      0      9      3      0      0      0      0      0 
 20231013   05:14:40      0     25     37      -      0      0      0      0      0      0   5000    585      0      0    113      5      0      0      0      0      0 
 20231013   05:14:40      1      9     37      -      0      0      0      0      0      0    405    300      0      0      9      3      0      0      0      0      0 
 20231013   05:14:41      0     25     37      -      0      0      0      0      0      0   5000    585      0      0    113      5      0      0      0      0      0 
 20231013   05:14:41      1      9     37      -      0      0      0      0      0      0    405    300      0      0      9      3      0      0      0      0      0 
 20231013   05:14:42      0     25     37      -      0      0      0      0      0      0   5000    585      0      0    113      5      0      0      0      0      0 
 20231013   05:14:42      1      9     37      -      0      0      0      0      0      0    405    300      0      0      9      3      0      0      0      0      0 
 20231013   05:14:43      0     25     38      -      0      0      0      0      0      0   5000    585      0      0    113      5      0      0      0      0      0 
 20231013   05:14:43      1      9     37      -      0      0      0      0      0      0    405    300      0      0      9      3      0      0      0      0      0 
#Date       Time        gpu    pwr  gtemp  mtemp     sm    mem    enc    dec    jpg    ofa   mclk   pclk  pviol  tviol     fb   bar1  sbecc  dbecc    pci  rxpci  txpci 
#YYYYMMDD   HH:MM:SS    Idx      W      C      C      %      %      %      %      %      %    MHz    MHz      %   bool     MB     MB   errs   errs   errs   MB/s   MB/s 
 20231013   05:14:44      0     25     38      -      0      0      0      0      0      0   5000    585      0      0    113      5      0      0      0      0      0 
 20231013   05:14:44      1     10     37      -      0      0      0      0      0      0    405    300      0      0      9      3      0      0      0      0      0 
 20231013   05:14:45      0     25     38      -      0      0      0      0      0      0   5000    585      0      0    113      5      0      0      0      0      0 
 20231013   05:14:45      1      9     37      -      0      0      0      0      0      0    405    300      0      0      9      3      0      0      0      0      0 
 20231013   05:14:46      0     25     38      -      0      0      0      0      0      0   5000    585      0      0    113      5      0      0      0      0      0 
 20231013   05:14:46      1      9     37      -      0      0      0      0      0      0    405    300      0      0      9      3      0      0      0      0      0 
 20231013   05:14:48      0     25     38      -      0      0      0      0      0      0   5000    585      0      0    113      5      0      0      0      0      0 
 20231013   05:14:48      1      9     37      -      0      0      0      0      0      0    405    300      0      0      9      3      0      0      0      0      0 
 20231013   05:14:49      0     25     38      -      0      0      0      0      0      0   5000    585      0      0    113      5      0      0      0      0      0 
 20231013   05:14:49      1      9     37      -      0      0      0      0      0      0    405    300      0      0      9      3      0      0      0      0      0 
 20231013   05:14:50      0     25     38      -      0      0      0      0      0      0   5000    585      0      0    113      5      0      0      0      0      0 
 20231013   05:14:50      1      9     37      -      0      0      0      0      0      0    405    300      0      0      9      3      0      0      0      0      0 
 20231013   05:14:51      0     25     38      -      0      0      0      0      0      0   5000    585      0      0    113      5      0      0      0      0      0 
 20231013   05:14:51      1      9     37      -      0      0      0      0      0      0    405    300      0      0      9      3      0      0      0      0      0 
 20231013   05:14:52      0     25     39      -      0      0      0      0      0      0   5000    585      0      0    113      5      0      0      0      0      0 
 20231013   05:14:52      1      9     37      -      0      0      0      0      0      0    405    300      0      0      9      3      0      0      0      0      0 
 20231013   05:14:53      0     25     39      -      0      0      0      0      0      0   5000    585      0      0    113      5      0      0      0      0      0 
 20231013   05:14:53      1      9     38      -      0      0      0      0      0      0    405    300      0      0      9      3      0      0      0      0      0 
 20231013   05:14:54      0     25     39      -      0      0      0      0      0      0   5000    585      0      0    113      5      0      0      0      0      0 
 20231013   05:14:54      1      9     37      -      0      0      0      0      0      0    405    300      0      0      9      3      0      0      0      0      0 
 20231013   05:14:55      0     25     39      -      0      0      0      0      0      0   5000    585      0      0    113      5      0      0      0      0      0 
 20231013   05:14:55      1     10     37      -      0      0      0      0      0      0    405    300      0      0      9      3      0      0      0      0      0 
 20231013   05:14:57      0     25     39      -      0      0      0      0      0      0   5000    585      0      0    113      5      0      0      0      0      0 
 20231013   05:14:57      1     10     37      -      0      0      0      0      0      0    405    300      0      0      9      3      0      0      0      0      0 
 20231013   05:14:58      0     25     39      -      0      0      0      0      0      0   5000    585      0      0    113      5      0      0      0      0      0 
 20231013   05:14:58      1      9     37      -      0      0      0      0      0      0    405    300      0      0      9      3      0      0      0      0      0 
 20231013   05:14:59      0     25     39      -      0      0      0      0      0      0   5000    585      0      0    113      5      0      0      0      0      0 
 20231013   05:14:59      1      9     37      -      0      0      0      0      0      0    405    300      0      0      9      3      0      0      0      0      0 
 20231013   05:15:00      0     25     39      -      0      0      0      0      0      0   5000    585      0      0    113      5      0      0      0      0      0 
 20231013   05:15:00      1     10     37      -      0      0      0      0      0      0    405    300      0      0      9      3      0      0      0      0      0 
 20231013   05:15:01      0     25     39      -      0      0      0      0      0      0   5000    585      0      0    113      5      0      0      0      0      0 
 20231013   05:15:01      1      9     37      -      0      0      0      0      0      0    405    300      0      0      9      3      0      0      0      0      0 
 20231013   05:15:02      0     25     39      -      0      0      0      0      0      0   5000    585      0      0    113      5      0      0      0      0      0 
 20231013   05:15:02      1      9     37      -      0      0      0      0      0      0    405    300      0      0      9      3      0      0      0      0      0 
 20231013   05:15:03      0     25     39      -      0      0      0      0      0      0   5000    585      0      0    113      5      0      0      0      0      0 
 20231013   05:15:03      1      9     37      -      0      0      0      0      0      0    405    300      0      0      9      3      0      0      0      0      0 
 20231013   05:15:04      0     25     40      -      0      0      0      0      0      0   5000    585      0      0    113      5      0      0      0      0      0 
 20231013   05:15:04      1      9     37      -      0      0      0      0      0      0    405    300      0      0      9      3      0      0      0      0      0 
 20231013   05:15:06      0     25     40      -      0      0      0      0      0      0   5000    585      0      0    113      5      0      0      0      0      0 
 20231013   05:15:06      1     10     37      -      0      0      0      0      0      0    405    300      0      0      9      3      0      0      0      0      0 
 20231013   05:15:07      0     25     40      -      0      0      0      0      0      0   5000    585      0      0    113      5      0      0      0      0      0 
 20231013   05:15:07      1     10     37      -      0      0      0      0      0      0    405    300      0      0      9      3      0      0      0      0      0 
 20231013   05:15:08      0     25     40      -      0      0      0      0      0      0   5000    585      0      0    113      5      0      0      0      0      0 
 20231013   05:15:08      1      9     37      -      0      0      0      0      0      0    405    300      0      0      9      3      0      0      0      0      0 
#Date       Time        gpu    pwr  gtemp  mtemp     sm    mem    enc    dec    jpg    ofa   mclk   pclk  pviol  tviol     fb   bar1  sbecc  dbecc    pci  rxpci  txpci 
#YYYYMMDD   HH:MM:SS    Idx      W      C      C      %      %      %      %      %      %    MHz    MHz      %   bool     MB     MB   errs   errs   errs   MB/s   MB/s 
 20231013   05:15:09      0     25     40      -      0      0      0      0      0      0   5000    585      0      0    113      5      0      0      0      0      0 
 20231013   05:15:09      1      9     37      -      0      0      0      0      0      0    405    300      0      0      9      3      0      0      0      0      0 
 20231013   05:15:10      0     25     40      -      0      0      0      0      0      0   5000    585      0      0    113      5      0      0      0      0      0 
 20231013   05:15:10      1      9     37      -      0      0      0      0      0      0    405    300      0      0      9      3      0      0      0      0      0 
 20231013   05:15:11      0     25     40      -      0      0      0      0      0      0   5000    585      0      0    113      5      0      0      0      0      0 
 20231013   05:15:11      1      9     37      -      0      0      0      0      0      0    405    300      0      0      9      3      0      0      0      0      0 
 20231013   05:15:12      0     25     40      -      0      0      0      0      0      0   5000    585      0      0    113      5      0      0      0      0      0 
 20231013   05:15:12      1      9     37      -      0      0      0      0      0      0    405    300      0      0      9      3      0      0      0      0      0 
 20231013   05:15:14      0     25     40      -      0      0      0      0      0      0   5000    585      0      0    113      5      0      0      0      0      0 
 20231013   05:15:14      1      9     37      -      0      0      0      0      0      0    405    300      0      0      9      3      0      0      0      0      0 
 20231013   05:15:15      0     25     40      -      0      0      0      0      0      0   5000    585      0      0    113      5      0      0      0      0      0 
 20231013   05:15:15      1      9     37      -      0      0      0      0      0      0    405    300      0      0      9      3      0      0      0      0      0 
 20231013   05:15:16      0     25     40      -      0      0      0      0      0      0   5000    585      0      0    113      5      0      0      0      0      0 
 20231013   05:15:16      1      9     37      -      0      0      0      0      0      0    405    300      0      0      9      3      0      0      0      0      0 
 20231013   05:15:17      0     25     40      -      0      0      0      0      0      0   5000    585      0      0    113      5      0      0      0      0      0 
 20231013   05:15:17      1      9     37      -      0      0      0      0      0      0    405    300      0      0      9      3      0      0      0      0      0 
 20231013   05:15:18      0     25     41      -      0      0      0      0      0      0   5000    585      0      0    113      5      0      0      0      0      0 
 20231013   05:15:18      1      9     37      -      0      0      0      0      0      0    405    300      0      0      9      3      0      0      0      0      0 
 20231013   05:15:19      0     25     41      -      0      0      0      0      0      0   5000    585      0      0    113      5      0      0      0      0      0 
 20231013   05:15:19      1      9     37      -      0      0      0      0      0      0    405    300      0      0      9      3      0      0      0      0      0 
 20231013   05:15:20      0     25     41      -      0      0      0      0      0      0   5000    585      0      0    113      5      0      0      0      0      0 
 20231013   05:15:20      1      9     37      -      0      0      0      0      0      0    405    300      0      0      9      3      0      0      0      0      0 
 20231013   05:15:21      0     25     41      -      0      0      0      0      0      0   5000    585      0      0    113      5      0      0      0      0      0 
 20231013   05:15:21      1     10     37      -      0      0      0      0      0      0    405    300      0      0      9      3      0      0      0      0      0 
 20231013   05:15:23      0     25     41      -      0      0      0      0      0      0   5000    585      0      0    113      5      0      0      0      0      0 
 20231013   05:15:23      1      9     37      -      0      0      0      0      0      0    405    300      0      0      9      3      0      0      0      0      0 
 20231013   05:15:24      0     25     41      -      0      0      0      0      0      0   5000    585      0      0    113      5      0      0      0      0      0 
 20231013   05:15:24      1      9     37      -      0      0      0      0      0      0    405    300      0      0      9      3      0      0      0      0      0 
 20231013   05:15:25      0     25     41      -      0      0      0      0      0      0   5000    585      0      0    113      5      0      0      0      0      0 
 20231013   05:15:25      1      9     37      -      0      0      0      0      0      0    405    300      0      0      9      3      0      0      0      0      0 
 20231013   05:15:26      0     25     41      -      0      0      0      0      0      0   5000    585      0      0    113      5      0      0      0      0      0 
 20231013   05:15:26      1      9     37      -      0      0      0      0      0      0    405    300      0      0      9      3      0      0      0      0      0 
 20231013   05:15:27      0     25     41      -      0      0      0      0      0      0   5000    585      0      0    113      5      0      0      0      0      0 
 20231013   05:15:27      1      9     37      -      0      0      0      0      0      0    405    300      0      0      9      3      0      0      0      0      0 
 20231013   05:15:28      0     25     41      -      0      0      0      0      0      0   5000    585      0      0    113      5      0      0      0      0      0 
 20231013   05:15:28      1      9     37      -      0      0      0      0      0      0    405    300      0      0      9      3      0      0      0      0      0 
 20231013   05:15:29      0     25     41      -      0      0      0      0      0      0   5000    585      0      0    113      5      0      0      0      0      0 
 20231013   05:15:29      1      9     37      -      0      0      0      0      0      0    405    300      0      0      9      3      0      0      0      0      0 
 20231013   05:15:31      0     25     41      -      0      0      0      0      0      0   5000    585      0      0    113      5      0      0      0      0      0 
 20231013   05:15:31      1      9     37      -      0      0      0      0      0      0    405    300      0      0      9      3      0      0      0      0      0 
 20231013   05:15:32      0     25     41      -      0      0      0      0      0      0   5000    585      0      0    113      5      0      0      0      0      0 
 20231013   05:15:32      1      9     37      -      0      0      0      0      0      0    405    300      0      0      9      3      0      0      0      0      0 
 20231013   05:15:33      0     26     41      -      0      0      0      0      0      0   5000    585      0      0    113      5      0      0      0      0      0 
 20231013   05:15:33      1      9     37      -      0      0      0      0      0      0    405    300      0      0      9      3      0      0      0      0      0 
#Date       Time        gpu    pwr  gtemp  mtemp     sm    mem    enc    dec    jpg    ofa   mclk   pclk  pviol  tviol     fb   bar1  sbecc  dbecc    pci  rxpci  txpci 
#YYYYMMDD   HH:MM:SS    Idx      W      C      C      %      %      %      %      %      %    MHz    MHz      %   bool     MB     MB   errs   errs   errs   MB/s   MB/s 
 20231013   05:15:34      0     26     42      -      0      0      0      0      0      0   5000    585      0      0    113      5      0      0      0      0      0 
 20231013   05:15:34      1      9     37      -      0      0      0      0      0      0    405    300      0      0      9      3      0      0      0      0      0 
 20231013   05:15:35      0     26     42      -      0      0      0      0      0      0   5000    585      0      0    113      5      0      0      0      0      0 
 20231013   05:15:35      1      9     37      -      0      0      0      0      0      0    405    300      0      0      9      3      0      0      0      0      0 
 20231013   05:15:36      0     26     42      -      0      0      0      0      0      0   5000    585      0      0    113      5      0      0      0      0      0 
 20231013   05:15:36      1      9     37      -      0      0      0      0      0      0    405    300      0      0      9      3      0      0      0      0      0 
 20231013   05:15:37      0     26     42      -      0      0      0      0      0      0   5000    585      0      0    113      5      0      0      0      0      0 
 20231013   05:15:37      1      9     37      -      0      0      0      0      0      0    405    300      0      0      9      3      0      0      0      0      0 
 20231013   05:15:38      0     26     42      -      0      0      0      0      0      0   5000    585      0      0    113      5      0      0      0      0      0 
 20231013   05:15:38      1     10     37      -      0      0      0      0      0      0    405    300      0      0      9      3      0      0      0      0      0 
 20231013   05:15:40      0     26     42      -      0      0      0      0      0      0   5000    585      0      0    113      5      0      0      0      0      0 
 20231013   05:15:40      1      9     37      -      0      0      0      0      0      0    405    300      0      0      9      3      0      0      0      0      0 
 20231013   05:15:41      0     26     42      -      0      0      0      0      0      0   5000    585      0      0    113      5      0      0      0      0      0 
 20231013   05:15:41      1     10     37      -      0      0      0      0      0      0    405    300      0      0      9      3      0      0      0      0      0 
 20231013   05:15:42      0     26     42      -      0      0      0      0      0      0   5000    585      0      0    113      5      0      0      0      0      0 
 20231013   05:15:42      1      9     37      -      0      0      0      0      0      0    405    300      0      0      9      3      0      0      0      0      0 
 20231013   05:15:43      0     26     42      -      0      0      0      0      0      0   5000    585      0      0    113      5      0      0      0      0      0 
 20231013   05:15:43      1      9     37      -      0      0      0      0      0      0    405    300      0      0      9      3      0      0      0      0      0 
 20231013   05:15:44      0     26     42      -      0      0      0      0      0      0   5000    585      0      0    113      5      0      0      0      0      0 
 20231013   05:15:44      1      9     37      -      0      0      0      0      0      0    405    300      0      0      9      3      0      0      0      0      0 
 20231013   05:15:45      0     26     42      -      0      0      0      0      0      0   5000    585      0      0    113      5      0      0      0      0      0 
 20231013   05:15:45      1      9     37      -      0      0      0      0      0      0    405    300      0      0      9      3      0      0      0      0      0 
 20231013   05:15:46      0     26     42      -      0      0      0      0      0      0   5000    585      0      0    113      5      0      0      0      0      0 
 20231013   05:15:46      1      9     37      -      0      0      0      0      0      0    405    300      0      0      9      3      0      0      0      0      0 
 20231013   05:15:47      0     26     42      -      0      0      0      0      0      0   5000    585      0      0    113      5      0      0      0      0      0 
 20231013   05:15:47      1      9     37      -      0      0      0      0      0      0    405    300      0      0      9      3      0      0      0      0      0 
 20231013   05:15:49      0     26     42      -      0      0      0      0      0      0   5000    585      0      0    113      5      0      0      0      0      0 
 20231013   05:15:49      1      9     37      -      0      0      0      0      0      0    405    300      0      0      9      3      0      0      0      0      0 
 20231013   05:15:50      0     26     42      -      0      0      0      0      0      0   5000    585      0      0    113      5      0      0      0      0      0 
 20231013   05:15:50      1      9     37      -      0      0      0      0      0      0    405    300      0      0      9      3      0      0      0      0      0 
 20231013   05:15:51      0     26     42      -      0      0      0      0      0      0   5000    585      0      0    113      5      0      0      0      0      0 
 20231013   05:15:51      1      9     37      -      0      0      0      0      0      0    405    300      0      0      9      3      0      0      0      0      0 
 20231013   05:15:52      0     26     43      -      0      0      0      0      0      0   5000    585      0      0    113      5      0      0      0      0      0 
 20231013   05:15:52      1      9     37      -      0      0      0      0      0      0    405    300      0      0      9      3      0      0      0      0      0 
 20231013   05:15:53      0     26     43      -      0      0      0      0      0      0   5000    585      0      0    113      5      0      0      0      0      0 
 20231013   05:15:53      1      9     37      -      0      0      0      0      0      0    405    300      0      0      9      3      0      0      0      0      0 
 20231013   05:15:54      0     26     43      -      0      0      0      0      0      0   5000    585      0      0    113      5      0      0      0      0      0 
 20231013   05:15:54      1      9     38      -      0      0      0      0      0      0    405    300      0      0      9      3      0      0      0      0      0 
 20231013   05:15:55      0     26     43      -      0      0      0      0      0      0   5000    585      0      0    113      5      0      0      0      0      0 
 20231013   05:15:55      1      9     37      -      0      0      0      0      0      0    405    300      0      0      9      3      0      0      0      0      0 
 20231013   05:15:57      0     26     43      -      0      0      0      0      0      0   5000    585      0      0    113      5      0      0      0      0      0 
 20231013   05:15:57      1      9     37      -      0      0      0      0      0      0    405    300      0      0      9      3      0      0      0      0      0 
 20231013   05:15:58      0     26     43      -      0      0      0      0      0      0   5000    585      0      0    113      5      0      0      0      0      0 
 20231013   05:15:58      1      9     37      -      0      0      0      0      0      0    405    300      0      0      9      3      0      0      0      0      0 
#Date       Time        gpu    pwr  gtemp  mtemp     sm    mem    enc    dec    jpg    ofa   mclk   pclk  pviol  tviol     fb   bar1  sbecc  dbecc    pci  rxpci  txpci 
#YYYYMMDD   HH:MM:SS    Idx      W      C      C      %      %      %      %      %      %    MHz    MHz      %   bool     MB     MB   errs   errs   errs   MB/s   MB/s 
 20231013   05:15:59      0     26     43      -      0      0      0      0      0      0   5000    585      0      0    113      5      0      0      0      0      0 
 20231013   05:15:59      1      9     37      -      0      0      0      0      0      0    405    300      0      0      9      3      0      0      0      0      0 
 20231013   05:16:00      0     26     43      -      0      0      0      0      0      0   5000    585      0      0    113      5      0      0      0      0      0 
 20231013   05:16:00      1      9     38      -      0      0      0      0      0      0    405    300      0      0      9      3      0      0      0      0      0 
 20231013   05:16:01      0     26     43      -      0      0      0      0      0      0   5000    585      0      0    113      5      0      0      0      0      0 
 20231013   05:16:01      1      9     37      -      0      0      0      0      0      0    405    300      0      0      9      3      0      0      0      0      0 
 20231013   05:16:02      0     26     43      -      0      0      0      0      0      0   5000    585      0      0    113      5      0      0      0      0      0 
 20231013   05:16:02      1      9     38      -      0      0      0      0      0      0    405    300      0      0      9      3      0      0      0      0      0 
 20231013   05:16:03      0     26     43      -      0      0      0      0      0      0   5000    585      0      0    113      5      0      0      0      0      0 
 20231013   05:16:03      1      9     37      -      0      0      0      0      0      0    405    300      0      0      9      3      0      0      0      0      0 
 20231013   05:16:04      0     26     43      -      0      0      0      0      0      0   5000    585      0      0    113      5      0      0      0      0      0 
 20231013   05:16:04      1      9     37      -      0      0      0      0      0      0    405    300      0      0      9      3      0      0      0      0      0 
 20231013   05:16:06      0     26     43      -      0      0      0      0      0      0   5000    585      0      0    113      5      0      0      0      0      0 
 20231013   05:16:06      1      9     37      -      0      0      0      0      0      0    405    300      0      0      9      3      0      0      0      0      0 
 20231013   05:16:07      0     26     43      -      0      0      0      0      0      0   5000    585      0      0    113      5      0      0      0      0      0 
 20231013   05:16:07      1      9     37      -      0      0      0      0      0      0    405    300      0      0      9      3      0      0      0      0      0 
 20231013   05:16:08      0     26     43      -      0      0      0      0      0      0   5000    585      0      0    113      5      0      0      0      0      0 
 20231013   05:16:08      1      9     37      -      0      0      0      0      0      0    405    300      0      0      9      3      0      0      0      0      0 
 20231013   05:16:09      0     26     43      -      0      0      0      0      0      0   5000    585      0      0    113      5      0      0      0      0      0 
 20231013   05:16:09      1      9     37      -      0      0      0      0      0      0    405    300      0      0      9      3      0      0      0      0      0 
 20231013   05:16:10      0     26     43      -      0      0      0      0      0      0   5000    585      0      0    113      5      0      0      0      0      0 
 20231013   05:16:10      1      9     37      -      0      0      0      0      0      0    405    300      0      0      9      3      0      0      0      0      0 
 20231013   05:16:11      0     26     43      -      0      0      0      0      0      0   5000    585      0      0    113      5      0      0      0      0      0 
 20231013   05:16:11      1      9     37      -      0      0      0      0      0      0    405    300      0      0      9      3      0      0      0      0      0 
 20231013   05:16:12      0     26     43      -      0      0      0      0      0      0   5000    585      0      0    113      5      0      0      0      0      0 
 20231013   05:16:12      1      9     37      -      0      0      0      0      0      0    405    300      0      0      9      3      0      0      0      0      0 
 20231013   05:16:13      0     26     43      -      0      0      0      0      0      0   5000    585      0      0    113      5      0      0      0      0      0 
 20231013   05:16:13      1      9     37      -      0      0      0      0      0      0    405    300      0      0      9      3      0      0      0      0      0 
 20231013   05:16:15      0     26     44      -      0      0      0      0      0      0   5000    585      0      0    113      5      0      0      0      0      0 
 20231013   05:16:15      1      9     37      -      0      0      0      0      0      0    405    300      0      0      9      3      0      0      0      0      0 
 20231013   05:16:16      0     26     44      -      0      0      0      0      0      0   5000    585      0      0    113      5      0      0      0      0      0 
 20231013   05:16:16      1      9     37      -      0      0      0      0      0      0    405    300      0      0      9      3      0      0      0      0      0 
 20231013   05:16:17      0     26     44      -      0      0      0      0      0      0   5000    585      0      0    113      5      0      0      0      0      0 
 20231013   05:16:17      1      9     37      -      0      0      0      0      0      0    405    300      0      0      9      3      0      0      0      0      0 
 20231013   05:16:18      0     26     44      -      0      0      0      0      0      0   5000    585      0      0    113      5      0      0      0      0      0 
 20231013   05:16:18      1      9     37      -      0      0      0      0      0      0    405    300      0      0      9      3      0      0      0      0      0 
 20231013   05:16:19      0     26     44      -      0      0      0      0      0      0   5000    585      0      0    113      5      0      0      0      0      0 
 20231013   05:16:19      1      9     37      -      0      0      0      0      0      0    405    300      0      0      9      3      0      0      0      0      0 
 20231013   05:16:20      0     26     44      -      0      0      0      0      0      0   5000    585      0      0    113      5      0      0      0      0      0 
 20231013   05:16:20      1      9     37      -      0      0      0      0      0      0    405    300      0      0      9      3      0      0      0      0      0 
 20231013   05:16:21      0     26     44      -      0      0      0      0      0      0   5000    585      0      0    113      5      0      0      0      0      0 
 20231013   05:16:21      1      9     38      -      0      0      0      0      0      0    405    300      0      0      9      3      0      0      0      0      0 
 20231013   05:16:23      0     26     44      -      0      0      0      0      0      0   5000    585      0      0    113      5      0      0      0      0      0 
 20231013   05:16:23      1      9     37      -      0      0      0      0      0      0    405    300      0      0      9      3      0      0      0      0      0 
#Date       Time        gpu    pwr  gtemp  mtemp     sm    mem    enc    dec    jpg    ofa   mclk   pclk  pviol  tviol     fb   bar1  sbecc  dbecc    pci  rxpci  txpci 
#YYYYMMDD   HH:MM:SS    Idx      W      C      C      %      %      %      %      %      %    MHz    MHz      %   bool     MB     MB   errs   errs   errs   MB/s   MB/s 
 20231013   05:16:24      0     26     44      -      0      0      0      0      0      0   5000    585      0      0    113      5      0      0      0      0      0 
 20231013   05:16:24      1      9     37      -      0      0      0      0      0      0    405    300      0      0      9      3      0      0      0      0      0 
 20231013   05:16:25      0     26     44      -      0      0      0      0      0      0   5000    585      0      0    113      5      0      0      0      0      0 
 20231013   05:16:25      1      9     37      -      0      0      0      0      0      0    405    300      0      0      9      3      0      0      0      0      0 
 20231013   05:16:26      0     26     44      -      0      0      0      0      0      0   5000    585      0      0    113      5      0      0      0      0      0 
 20231013   05:16:26      1      9     38      -      0      0      0      0      0      0    405    300      0      0      9      3      0      0      0      0      0 
 20231013   05:16:27      0     26     44      -      0      0      0      0      0      0   5000    585      0      0    113      5      0      0      0      0      0 
 20231013   05:16:27      1      9     37      -      0      0      0      0      0      0    405    300      0      0      9      3      0      0      0      0      0 
 20231013   05:16:28      0     26     44      -      0      0      0      0      0      0   5000    585      0      0    113      5      0      0      0      0      0 
 20231013   05:16:28      1      9     37      -      0      0      0      0      0      0    405    300      0      0      9      3      0      0      0      0      0 
 20231013   05:16:29      0     26     44      -      0      0      0      0      0      0   5000    585      0      0    113      5      0      0      0      0      0 
 20231013   05:16:29      1      9     37      -      0      0      0      0      0      0    405    300      0      0      9      3      0      0      0      0      0 
 20231013   05:16:30      0     26     44      -      0      0      0      0      0      0   5000    585      0      0    113      5      0      0      0      0      0 
 20231013   05:16:30      1      9     37      -      0      0      0      0      0      0    405    300      0      0      9      3      0      0      0      0      0 
 20231013   05:16:32      0     26     44      -      0      0      0      0      0      0   5000    585      0      0    113      5      0      0      0      0      0 
 20231013   05:16:32      1      9     37      -      0      0      0      0      0      0    405    300      0      0      9      3      0      0      0      0      0 
 20231013   05:16:33      0     26     44      -      0      0      0      0      0      0   5000    585      0      0    113      5      0      0      0      0      0 
 20231013   05:16:33      1      9     37      -      0      0      0      0      0      0    405    300      0      0      9      3      0      0      0      0      0 
 20231013   05:16:34      0     26     44      -      0      0      0      0      0      0   5000    585      0      0    113      5      0      0      0      0      0 
 20231013   05:16:34      1     10     37      -      0      0      0      0      0      0    405    300      0      0      9      3      0      0      0      0      0 
 20231013   05:16:35      0     26     44      -      0      0      0      0      0      0   5000    585      0      0    113      5      0      0      0      0      0 
 20231013   05:16:35      1      9     37      -      0      0      0      0      0      0    405    300      0      0      9      3      0      0      0      0      0 
 20231013   05:16:36      0     26     44      -      0      0      0      0      0      0   5000    585      0      0    113      5      0      0      0      0      0 
 20231013   05:16:36      1      9     38      -      0      0      0      0      0      0    405    300      0      0      9      3      0      0      0      0      0 
 20231013   05:16:37      0     26     44      -      0      0      0      0      0      0   5000    585      0      0    113      5      0      0      0      0      0 
 20231013   05:16:37      1      9     37      -      0      0      0      0      0      0    405    300      0      0      9      3      0      0      0      0      0 
 20231013   05:16:38      0     26     44      -      0      0      0      0      0      0   5000    585      0      0    113      5      0      0      0      0      0 
 20231013   05:16:38      1      9     38      -      0      0      0      0      0      0    405    300      0      0      9      3      0      0      0      0      0 
 20231013   05:16:39      0     26     44      -      0      0      0      0      0      0   5000    585      0      0    113      5      0      0      0      0      0 
 20231013   05:16:39      1      9     37      -      0      0      0      0      0      0    405    300      0      0      9      3      0      0      0      0      0 
 20231013   05:16:41      0     26     44      -      0      0      0      0      0      0   5000    585      0      0    113      5      0      0      0      0      0 
 20231013   05:16:41      1      9     37      -      0      0      0      0      0      0    405    300      0      0      9      3      0      0      0      0      0 
 20231013   05:16:42      0     26     44      -      0      0      0      0      0      0   5000    585      0      0    113      5      0      0      0      0      0 
 20231013   05:16:42      1      9     37      -      0      0      0      0      0      0    405    300      0      0      9      3      0      0      0      0      0 
 20231013   05:16:43      0     26     44      -      0      0      0      0      0      0   5000    585      0      0    113      5      0      0      0      0      0 
 20231013   05:16:43      1      9     37      -      0      0      0      0      0      0    405    300      0      0      9      3      0      0      0      0      0 
 20231013   05:16:44      0     26     45      -      0      0      0      0      0      0   5000    585      0      0    113      5      0      0      0      0      0 
 20231013   05:16:44      1      9     37      -      0      0      0      0      0      0    405    300      0      0      9      3      0      0      0      0      0 
 20231013   05:16:45      0     26     45      -      0      0      0      0      0      0   5000    585      0      0    113      5      0      0      0      0      0 
 20231013   05:16:45      1      9     38      -      0      0      0      0      0      0    405    300      0      0      9      3      0      0      0      0      0 
 20231013   05:16:46      0     26     45      -      0      0      0      0      0      0   5000    585      0      0    113      5      0      0      0      0      0 
 20231013   05:16:46      1      9     38      -      0      0      0      0      0      0    405    300      0      0      9      3      0      0      0      0      0 
 20231013   05:16:47      0     26     45      -      0      0      0      0      0      0   5000    585      0      0    113      5      0      0      0      0      0 
 20231013   05:16:47      1      9     37      -      0      0      0      0      0      0    405    300      0      0      9      3      0      0      0      0      0 
#Date       Time        gpu    pwr  gtemp  mtemp     sm    mem    enc    dec    jpg    ofa   mclk   pclk  pviol  tviol     fb   bar1  sbecc  dbecc    pci  rxpci  txpci 
#YYYYMMDD   HH:MM:SS    Idx      W      C      C      %      %      %      %      %      %    MHz    MHz      %   bool     MB     MB   errs   errs   errs   MB/s   MB/s 
 20231013   05:16:49      0     26     45      -      0      0      0      0      0      0   5000    585      0      0    113      5      0      0      0      0      0 
 20231013   05:16:49      1      9     37      -      0      0      0      0      0      0    405    300      0      0      9      3      0      0      0      0      0 
 20231013   05:16:50      0     26     45      -      0      0      0      0      0      0   5000    585      0      0    113      5      0      0      0      0      0 
 20231013   05:16:50      1      9     38      -      0      0      0      0      0      0    405    300      0      0      9      3      0      0      0      0      0 
 20231013   05:16:51      0     26     45      -      0      0      0      0      0      0   5000    585      0      0    113      5      0      0      0      0      0 
 20231013   05:16:51      1      9     38      -      0      0      0      0      0      0    405    300      0      0      9      3      0      0      0      0      0 
 20231013   05:16:52      0     26     45      -      0      0      0      0      0      0   5000    585      0      0    113      5      0      0      0      0      0 
 20231013   05:16:52      1      9     38      -      0      0      0      0      0      0    405    300      0      0      9      3      0      0      0      0      0 
 20231013   05:16:53      0     26     45      -      0      0      0      0      0      0   5000    585      0      0    113      5      0      0      0      0      0 
 20231013   05:16:53      1      9     38      -      0      0      0      0      0      0    405    300      0      0      9      3      0      0      0      0      0 
 20231013   05:16:54      0     26     45      -      0      0      0      0      0      0   5000    585      0      0    113      5      0      0      0      0      0 
 20231013   05:16:54      1      9     37      -      0      0      0      0      0      0    405    300      0      0      9      3      0      0      0      0      0 
 20231013   05:16:55      0     26     45      -      0      0      0      0      0      0   5000    585      0      0    113      5      0      0      0      0      0 
 20231013   05:16:55      1      9     37      -      0      0      0      0      0      0    405    300      0      0      9      3      0      0      0      0      0 
 20231013   05:16:56      0     26     45      -      0      0      0      0      0      0   5000    585      0      0    113      5      0      0      0      0      0 
 20231013   05:16:56      1      9     38      -      0      0      0      0      0      0    405    300      0      0      9      3      0      0      0      0      0 
 20231013   05:16:58      0     26     45      -      0      0      0      0      0      0   5000    585      0      0    113      5      0      0      0      0      0 
 20231013   05:16:58      1      9     37      -      0      0      0      0      0      0    405    300      0      0      9      3      0      0      0      0      0 
 20231013   05:16:59      0     26     45      -      0      0      0      0      0      0   5000    585      0      0    113      5      0      0      0      0      0 
 20231013   05:16:59      1      9     38      -      0      0      0      0      0      0    405    300      0      0      9      3      0      0      0      0      0 
 20231013   05:17:00      0     26     45      -      0      0      0      0      0      0   5000    585      0      0    113      5      0      0      0      0      0 
 20231013   05:17:00      1      9     37      -      0      0      0      0      0      0    405    300      0      0      9      3      0      0      0      0      0 
 20231013   05:17:01      0     26     45      -      0      0      0      0      0      0   5000    585      0      0    113      5      0      0      0      0      0 
 20231013   05:17:01      1      9     37      -      0      0      0      0      0      0    405    300      0      0      9      3      0      0      0      0      0 
 20231013   05:17:02      0     26     45      -      0      0      0      0      0      0   5000    585      0      0    113      5      0      0      0      0      0 
 20231013   05:17:02      1      9     38      -      0      0      0      0      0      0    405    300      0      0      9      3      0      0      0      0      0 
 20231013   05:17:03      0     26     45      -      0      0      0      0      0      0   5000    585      0      0    113      5      0      0      0      0      0 
 20231013   05:17:03      1      9     37      -      0      0      0      0      0      0    405    300      0      0      9      3      0      0      0      0      0 
 20231013   05:17:04      0     26     45      -      0      0      0      0      0      0   5000    585      0      0    113      5      0      0      0      0      0 
 20231013   05:17:04      1      9     38      -      0      0      0      0      0      0    405    300      0      0      9      3      0      0      0      0      0 
 20231013   05:17:05      0     26     45      -      0      0      0      0      0      0   5000    585      0      0    113      5      0      0      0      0      0 
 20231013   05:17:05      1      9     37      -      0      0      0      0      0      0    405    300      0      0      9      3      0      0      0      0      0 
 20231013   05:17:07      0     26     45      -      0      0      0      0      0      0   5000    585      0      0    113      5      0      0      0      0      0 
 20231013   05:17:07      1      9     37      -      0      0      0      0      0      0    405    300      0      0      9      3      0      0      0      0      0 
 20231013   05:17:08      0     26     45      -      0      0      0      0      0      0   5000    585      0      0    113      5      0      0      0      0      0 
 20231013   05:17:08      1      9     37      -      0      0      0      0      0      0    405    300      0      0      9      3      0      0      0      0      0 
 20231013   05:17:09      0     26     45      -      0      0      0      0      0      0   5000    585      0      0    113      5      0      0      0      0      0 
 20231013   05:17:09      1      9     38      -      0      0      0      0      0      0    405    300      0      0      9      3      0      0      0      0      0 
 20231013   05:17:10      0     26     45      -      0      0      0      0      0      0   5000    585      0      0    113      5      0      0      0      0      0 
 20231013   05:17:10      1      9     37      -      0      0      0      0      0      0    405    300      0      0      9      3      0      0      0      0      0 
 20231013   05:17:11      0     26     45      -      0      0      0      0      0      0   5000    585      0      0    113      5      0      0      0      0      0 
 20231013   05:17:11      1      9     37      -      0      0      0      0      0      0    405    300      0      0      9      3      0      0      0      0      0 
 20231013   05:17:12      0     26     45      -      0      0      0      0      0      0   5000    585      0      0    113      5      0      0      0      0      0 
 20231013   05:17:12      1      9     38      -      0      0      0      0      0      0    405    300      0      0      9      3      0      0      0      0      0 
#Date       Time        gpu    pwr  gtemp  mtemp     sm    mem    enc    dec    jpg    ofa   mclk   pclk  pviol  tviol     fb   bar1  sbecc  dbecc    pci  rxpci  txpci 
#YYYYMMDD   HH:MM:SS    Idx      W      C      C      %      %      %      %      %      %    MHz    MHz      %   bool     MB     MB   errs   errs   errs   MB/s   MB/s 
 20231013   05:17:13      0     26     45      -      0      0      0      0      0      0   5000    585      0      0    113      5      0      0      0      0      0 
 20231013   05:17:13      1      9     38      -      0      0      0      0      0      0    405    300      0      0      9      3      0      0      0      0      0 
 20231013   05:17:15      0     26     46      -      0      0      0      0      0      0   5000    585      0      0    113      5      0      0      0      0      0 
 20231013   05:17:15      1      9     37      -      0      0      0      0      0      0    405    300      0      0      9      3      0      0      0      0      0 
 20231013   05:17:16      0     26     45      -      0      0      0      0      0      0   5000    585      0      0    113      5      0      0      0      0      0 
 20231013   05:17:16      1      9     38      -      0      0      0      0      0      0    405    300      0      0      9      3      0      0      0      0      0 
 20231013   05:17:17      0     26     46      -      0      0      0      0      0      0   5000    585      0      0    113      5      0      0      0      0      0 
 20231013   05:17:17      1      9     38      -      0      0      0      0      0      0    405    300      0      0      9      3      0      0      0      0      0 
 20231013   05:17:18      0     26     46      -      0      0      0      0      0      0   5000    585      0      0    113      5      0      0      0      0      0 
 20231013   05:17:18      1      9     38      -      0      0      0      0      0      0    405    300      0      0      9      3      0      0      0      0      0 
 20231013   05:17:19      0     26     46      -      0      0      0      0      0      0   5000    585      0      0    113      5      0      0      0      0      0 
 20231013   05:17:19      1      9     38      -      0      0      0      0      0      0    405    300      0      0      9      3      0      0      0      0      0 
 20231013   05:17:20      0     26     46      -      0      0      0      0      0      0   5000    585      0      0    113      5      0      0      0      0      0 
 20231013   05:17:20      1     10     37      -      0      0      0      0      0      0    405    300      0      0      9      3      0      0      0      0      0 
 20231013   05:17:21      0     26     46      -      0      0      0      0      0      0   5000    585      0      0    113      5      0      0      0      0      0 
 20231013   05:17:21      1      9     38      -      0      0      0      0      0      0    405    300      0      0      9      3      0      0      0      0      0 
 20231013   05:17:22      0     26     46      -      0      0      0      0      0      0   5000    585      0      0    113      5      0      0      0      0      0 
 20231013   05:17:22      1      9     37      -      0      0      0      0      0      0    405    300      0      0      9      3      0      0      0      0      0 
 20231013   05:17:24      0     26     46      -      0      0      0      0      0      0   5000    585      0      0    113      5      0      0      0      0      0 
 20231013   05:17:24      1      9     37      -      0      0      0      0      0      0    405    300      0      0      9      3      0      0      0      0      0 
 20231013   05:17:25      0     26     46      -      0      0      0      0      0      0   5000    585      0      0    113      5      0      0      0      0      0 
 20231013   05:17:25      1      9     37      -      0      0      0      0      0      0    405    300      0      0      9      3      0      0      0      0      0 
 20231013   05:17:26      0     26     46      -      0      0      0      0      0      0   5000    585      0      0    113      5      0      0      0      0      0 
 20231013   05:17:26      1      9     37      -      0      0      0      0      0      0    405    300      0      0      9      3      0      0      0      0      0 
 20231013   05:17:27      0     26     46      -      0      0      0      0      0      0   5000    585      0      0    113      5      0      0      0      0      0 
 20231013   05:17:27      1      9     37      -      0      0      0      0      0      0    405    300      0      0      9      3      0      0      0      0      0 
 20231013   05:17:28      0     26     46      -      0      0      0      0      0      0   5000    585      0      0    113      5      0      0      0      0      0 
 20231013   05:17:28      1      9     38      -      0      0      0      0      0      0    405    300      0      0      9      3      0      0      0      0      0 
 20231013   05:17:29      0     26     46      -      0      0      0      0      0      0   5000    585      0      0    113      5      0      0      0      0      0 
 20231013   05:17:29      1      9     38      -      0      0      0      0      0      0    405    300      0      0      9      3      0      0      0      0      0 
 20231013   05:17:30      0     26     46      -      0      0      0      0      0      0   5000    585      0      0    113      5      0      0      0      0      0 
 20231013   05:17:30      1      9     37      -      0      0      0      0      0      0    405    300      0      0      9      3      0      0      0      0      0 
 20231013   05:17:31      0     26     46      -      0      0      0      0      0      0   5000    585      0      0    113      5      0      0      0      0      0 
 20231013   05:17:31      1      9     37      -      0      0      0      0      0      0    405    300      0      0      9      3      0      0      0      0      0 
 20231013   05:17:33      0     26     46      -      0      0      0      0      0      0   5000    585      0      0    113      5      0      0      0      0      0 
 20231013   05:17:33      1      9     38      -      0      0      0      0      0      0    405    300      0      0      9      3      0      0      0      0      0 
 20231013   05:17:34      0     26     46      -      0      0      0      0      0      0   5000    585      0      0    113      5      0      0      0      0      0 
 20231013   05:17:34      1      9     38      -      0      0      0      0      0      0    405    300      0      0      9      3      0      0      0      0      0 
 20231013   05:17:35      0     26     46      -      0      0      0      0      0      0   5000    585      0      0      6      2      0      0      0      0      0 
 20231013   05:17:35      1      9     38      -      0      0      0      0      0      0    405    300      0      0      6      2      0      0      0      0      0 
 20231013   05:17:36      0     10     46      -      0      0      0      0      0      0    405    300      0      0      6      2      0      0      0      0      0 
 20231013   05:17:36      1      9     37      -      0      0      0      0      0      0    405    300      0      0      6      2      0      0      0      0      0 
 20231013   05:17:37      0      9     45      -      0      0      0      0      0      0    405    300      0      0      6      2      0      0      0      0      0 
 20231013   05:17:37      1      9     37      -      0      0      0      0      0      0    405    300      0      0      6      2      0      0      0      0      0 
#Date       Time        gpu    pwr  gtemp  mtemp     sm    mem    enc    dec    jpg    ofa   mclk   pclk  pviol  tviol     fb   bar1  sbecc  dbecc    pci  rxpci  txpci 
#YYYYMMDD   HH:MM:SS    Idx      W      C      C      %      %      %      %      %      %    MHz    MHz      %   bool     MB     MB   errs   errs   errs   MB/s   MB/s 
 20231013   05:17:38      0      9     45      -      0      0      0      0      0      0    405    300      0      0      6      2      0      0      0      0      0 
 20231013   05:17:38      1      9     37      -      0      0      0      0      0      0    405    300      0      0      6      2      0      0      0      0      0 
 20231013   05:17:39      0      9     45      -      0      0      0      0      0      0    405    300      0      0      6      2      0      0      0      0      0 
 20231013   05:17:39      1      9     37      -      0      0      0      0      0      0    405    300      0      0      6      2      0      0      0      0      0 
 20231013   05:17:41      0      9     45      -      0      0      0      0      0      0    405    300      0      0      6      2      0      0      0      0      0 
 20231013   05:17:41      1      9     38      -      0      0      0      0      0      0    405    300      0      0      6      2      0      0      0      0      0 
 20231013   05:17:42      0      9     45      -      0      0      0      0      0      0    405    300      0      0      6      2      0      0      0      0      0 
 20231013   05:17:42      1      9     37      -      0      0      0      0      0      0    405    300      0      0      6      2      0      0      0      0      0 
 20231013   05:17:43      0      9     44      -      0      0      0      0      0      0    405    300      0      0      6      2      0      0      0      0      0 
 20231013   05:17:43      1      9     37      -      0      0      0      0      0      0    405    300      0      0      6      2      0      0      0      0      0 
 20231013   05:17:44      0     10     44      -      0      0      0      0      0      0    405    300      0      0      6      2      0      0      0      0      0 
 20231013   05:17:44      1      9     37      -      0      0      0      0      0      0    405    300      0      0      6      2      0      0      0      0      0 
 20231013   05:17:45      0      9     44      -      0      0      0      0      0      0    405    300      0      0      6      2      0      0      0      0      0 
 20231013   05:17:45      1      9     37      -      0      0      0      0      0      0    405    300      0      0      6      2      0      0      0      0      0 
 20231013   05:17:46      0      9     44      -      0      0      0      0      0      0    405    300      0      0      6      2      0      0      0      0      0 
 20231013   05:17:46      1      9     37      -      0      0      0      0      0      0    405    300      0      0      6      2      0      0      0      0      0 
 20231013   05:17:47      0      9     44      -      0      0      0      0      0      0    405    300      0      0      6      2      0      0      0      0      0 
 20231013   05:17:47      1     10     38      -      0      0      0      0      0      0    405    300      0      0      6      2      0      0      0      0      0 
 20231013   05:17:49      0      9     44      -      0      0      0      0      0      0    405    300      0      0      6      2      0      0      0      0      0 
 20231013   05:17:49      1      9     37      -      0      0      0      0      0      0    405    300      0      0      6      2      0      0      0      0      0 
 20231013   05:17:50      0      9     44      -      0      0      0      0      0      0    405    300      0      0      6      2      0      0      0      0      0 
 20231013   05:17:50      1      9     38      -      0      0      0      0      0      0    405    300      0      0      6      2      0      0      0      0      0 
 20231013   05:17:51      0      9     44      -      0      0      0      0      0      0    405    300      0      0      6      2      0      0      0      0      0 
 20231013   05:17:51      1      9     38      -      0      0      0      0      0      0    405    300      0      0      6      2      0      0      0      0      0 
 20231013   05:17:52      0      9     43      -      0      0      0      0      0      0    405    300      0      0      6      2      0      0      0      0      0 
 20231013   05:17:52      1      9     38      -      0      0      0      0      0      0    405    300      0      0      6      2      0      0      0      0      0 
 20231013   05:17:53      0      9     43      -      0      0      0      0      0      0    405    300      0      0      6      2      0      0      0      0      0 
 20231013   05:17:53      1      9     38      -      0      0      0      0      0      0    405    300      0      0      6      2      0      0      0      0      0 
 20231013   05:17:54      0      9     43      -      0      0      0      0      0      0    405    300      0      0      6      2      0      0      0      0      0 
 20231013   05:17:54      1      9     37      -      0      0      0      0      0      0    405    300      0      0      6      2      0      0      0      0      0 
 20231013   05:17:55      0      9     43      -      0      0      0      0      0      0    405    300      0      0      6      2      0      0      0      0      0 
 20231013   05:17:55      1      9     37      -      0      0      0      0      0      0    405    300      0      0      6      2      0      0      0      0      0 
 20231013   05:17:57      0      9     43      -      0      0      0      0      0      0    405    300      0      0      6      2      0      0      0      0      0 
 20231013   05:17:57      1      9     37      -      0      0      0      0      0      0    405    300      0      0      6      2      0      0      0      0      0 
 20231013   05:17:58      0      9     43      -      0      0      0      0      0      0    405    300      0      0      6      2      0      0      0      0      0 
 20231013   05:17:58      1      9     37      -      0      0      0      0      0      0    405    300      0      0      6      2      0      0      0      0      0 
 20231013   05:17:59      0      9     43      -      0      0      0      0      0      0    405    300      0      0      6      2      0      0      0      0      0 
 20231013   05:17:59      1      9     37      -      0      0      0      0      0      0    405    300      0      0      6      2      0      0      0      0      0 
 20231013   05:18:00      0      9     43      -      0      0      0      0      0      0    405    300      0      0      6      2      0      0      0      0      0 
 20231013   05:18:00      1      9     37      -      0      0      0      0      0      0    405    300      0      0      6      2      0      0      0      0      0 
 20231013   05:18:01      0      9     43      -      0      0      0      0      0      0    405    300      0      0      6      2      0      0      0      0      0 
 20231013   05:18:01      1      9     37      -      0      0      0      0      0      0    405    300      0      0      6      2      0      0      0      0      0 
 20231013   05:18:02      0     10     43      -      0      0      0      0      0      0    405    300      0      0      6      2      0      0      0      0      0 
 20231013   05:18:02      1      9     38      -      0      0      0      0      0      0    405    300      0      0      6      2      0      0      0      0      0 
#Date       Time        gpu    pwr  gtemp  mtemp     sm    mem    enc    dec    jpg    ofa   mclk   pclk  pviol  tviol     fb   bar1  sbecc  dbecc    pci  rxpci  txpci 
#YYYYMMDD   HH:MM:SS    Idx      W      C      C      %      %      %      %      %      %    MHz    MHz      %   bool     MB     MB   errs   errs   errs   MB/s   MB/s 
 20231013   05:18:03      0      9     43      -      0      0      0      0      0      0    405    300      0      0      6      2      0      0      0      0      0 
 20231013   05:18:03      1      9     37      -      0      0      0      0      0      0    405    300      0      0      6      2      0      0      0      0      0 
 20231013   05:18:05      0      9     42      -      0      0      0      0      0      0    405    300      0      0      6      2      0      0      0      0      0 
 20231013   05:18:05      1      9     37      -      0      0      0      0      0      0    405    300      0      0      6      2      0      0      0      0      0 
 20231013   05:18:06      0      9     42      -      0      0      0      0      0      0    405    300      0      0      6      2      0      0      0      0      0 
 20231013   05:18:06      1      9     38      -      0      0      0      0      0      0    405    300      0      0      6      2      0      0      0      0      0 
 20231013   05:18:07      0      9     42      -      0      0      0      0      0      0    405    300      0      0      6      2      0      0      0      0      0 
 20231013   05:18:07      1      9     38      -      0      0      0      0      0      0    405    300      0      0      6      2      0      0      0      0      0 
 20231013   05:18:08      0      9     42      -      0      0      0      0      0      0    405    300      0      0      6      2      0      0      0      0      0 
 20231013   05:18:08      1      9     38      -      0      0      0      0      0      0    405    300      0      0      6      2      0      0      0      0      0 
 20231013   05:18:09      0      9     42      -      0      0      0      0      0      0    405    300      0      0      6      2      0      0      0      0      0 
 20231013   05:18:09      1      9     38      -      0      0      0      0      0      0    405    300      0      0      6      2      0      0      0      0      0 
 20231013   05:18:10      0      9     42      -      0      0      0      0      0      0    405    300      0      0      6      2      0      0      0      0      0 
 20231013   05:18:10      1     10     37      -      0      0      0      0      0      0    405    300      0      0      6      2      0      0      0      0      0 
 20231013   05:18:11      0      9     42      -      0      0      0      0      0      0    405    300      0      0      6      2      0      0      0      0      0 
 20231013   05:18:11      1      9     38      -      0      0      0      0      0      0    405    300      0      0      6      2      0      0      0      0      0 
 20231013   05:18:12      0      9     42      -      0      0      0      0      0      0    405    300      0      0      6      2      0      0      0      0      0 
 20231013   05:18:12      1      9     37      -      0      0      0      0      0      0    405    300      0      0      6      2      0      0      0      0      0 
 20231013   05:18:14      0     10     42      -      0      0      0      0      0      0    405    300      0      0      6      2      0      0      0      0      0 
 20231013   05:18:14      1      9     38      -      0      0      0      0      0      0    405    300      0      0      6      2      0      0      0      0      0 
 20231013   05:18:15      0      9     42      -      0      0      0      0      0      0    405    300      0      0      6      2      0      0      0      0      0 
 20231013   05:18:15      1      9     37      -      0      0      0      0      0      0    405    300      0      0      6      2      0      0      0      0      0 
