#Date       Time        gpu    pwr  gtemp  mtemp     sm    mem    enc    dec    jpg    ofa   mclk   pclk  pviol  tviol     fb   bar1  sbecc  dbecc    pci  rxpci  txpci 
#YYYYMMDD   HH:MM:SS    Idx      W      C      C      %      %      %      %      %      %    MHz    MHz      %   bool     MB     MB   errs   errs   errs   MB/s   MB/s 
 20231019   08:03:22      0     26     44      -      0      0      0      0      0      0   5000    585      0      0      2      2      0      0      0      0      0 
 20231019   08:03:22      1     25     45      -      7      0      0      0      0      0   5000    585      0      0      2      2      0      0      0      0      0 
 20231019   08:03:23      0     26     44      -      0      0      0      0      0      0   5000    585      0      0      2      2      0      0      0      0      0 
 20231019   08:03:23      1     25     45      -      0      0      0      0      0      0   5000    585      0      0      2      2      0      0      0      0      0 
 20231019   08:03:24      0     26     44      -      0      0      0      0      0      0   5000    585      0      0      2      2      0      0      0      0      0 
 20231019   08:03:24      1     25     45      -      0      0      0      0      0      0   5000    585      0      0      2      2      0      0      0      0      0 
 20231019   08:03:25      0     26     44      -      0      0      0      0      0      0   5000    585      0      0      2      2      0      0      0      0      0 
 20231019   08:03:25      1     25     45      -      0      0      0      0      0      0   5000    585      0      0      2      2      0      0      0      0      0 
 20231019   08:03:26      0     26     44      -      0      0      0      0      0      0   5000    585      0      0      2      2      0      0      0      0      0 
 20231019   08:03:26      1     25     46      -      0      0      0      0      0      0   5000    585      0      0      2      2      0      0      0      0      0 
 20231019   08:03:27      0     26     44      -      0      0      0      0      0      0   5000    585      0      0      2      2      0      0      0      0      0 
 20231019   08:03:27      1     25     46      -      0      0      0      0      0      0   5000    585      0      0      2      2      0      0      0      0      0 
 20231019   08:03:28      0     26     44      -      0      0      0      0      0      0   5000    585      0      0      5      3      0      0      0      0      0 
 20231019   08:03:28      1     26     46      -      0      0      0      0      0      0   5000    585      0      0      5      3      0      0      0      0      0 
 20231019   08:03:30      0     26     44      -      0      0      0      0      0      0   5000    585      0      0      5      3      0      0      0      0      0 
 20231019   08:03:30      1     25     46      -      0      0      0      0      0      0   5000    585      0      0      5      3      0      0      0      0      0 
 20231019   08:03:31      0      9     43      -      0      0      0      0      0      0    405    300      0      0      5      3      0      0      0      0      0 
 20231019   08:03:31      1     25     46      -      0      0      0      0      0      0   5000    585      0      0      5      3      0      0      0      0      0 
 20231019   08:03:32      0      9     43      -      0      0      0      0      0      0    405    300      0      0      5      3      0      0      0      0      0 
 20231019   08:03:32      1     25     46      -      0      0      0      0      0      0   5000    585      0      0      5      3      0      0      0      0      0 
 20231019   08:03:33      0      9     43      -      0      0      0      0      0      0    405    300      0      0      5      3      0      0      0      0      0 
 20231019   08:03:33      1      9     45      -      0      0      0      0      0      0    405    300      0      0      5      3      0      0      0      0      0 
 20231019   08:03:34      0      9     43      -      0      0      0      0      0      0    405    300      0      0      5      3      0      0      0      0      0 
 20231019   08:03:34      1      9     45      -      0      0      0      0      0      0    405    300      0      0      5      3      0      0      0      0      0 
 20231019   08:03:35      0      9     43      -      0      0      0      0      0      0    405    300      0      0      5      3      0      0      0      0      0 
 20231019   08:03:35      1      9     45      -      0      0      0      0      0      0    405    300      0      0      5      3      0      0      0      0      0 
 20231019   08:03:36      0     10     43      -      0      0      0      0      0      0    405    300      0      0      5      3      0      0      0      0      0 
 20231019   08:03:36      1      9     45      -      0      0      0      0      0      0    405    300      0      0      5      3      0      0      0      0      0 
 20231019   08:03:38      0      9     42      -      0      0      0      0      0      0    405    300      0      0      5      3      0      0      0      0      0 
 20231019   08:03:38      1      9     44      -      0      0      0      0      0      0    405    300      0      0      5      3      0      0      0      0      0 
 20231019   08:03:39      0      9     42      -      0      0      0      0      0      0    405    300      0      0      5      3      0      0      0      0      0 
 20231019   08:03:39      1      9     44      -      0      0      0      0      0      0    405    300      0      0      5      3      0      0      0      0      0 
 20231019   08:03:40      0      9     42      -      0      0      0      0      0      0    405    300      0      0      5      3      0      0      0      0      0 
 20231019   08:03:40      1      9     44      -      0      0      0      0      0      0    405    300      0      0      5      3      0      0      0      0      0 
 20231019   08:03:41      0     26     43      -      0      0      0      0      0      0   5000    585      0      0    108      5      0      0      0      0      0 
 20231019   08:03:41      1     25     45      -      0      0      0      0      0      0   5000    585      0      0    108      5      0      0      0      0      0 
 20231019   08:03:42      0     27     43      -     40      2      0      0      0      0   5000    630      0      0   2690      5      0      0      0   5082    575 
 20231019   08:03:42      1     26     45      -     40      2      0      0      0      0   5000    630      0      0   2904      5      0      0      0   4877    564 
 20231019   08:03:43      0     36     44      -     45      0      0      0      0      0   5000   1545      0      0   4112      5      0      0      0     98     21 
 20231019   08:03:43      1     36     46      -     41      0      0      0      0      0   5000   1590      0      0   4112      5      0      0      0     90     23 
 20231019   08:03:44      0     38     44      -     40      0      0      0      0      0   5000   1590      0      0   4112      5      0      0      0     95     22 
 20231019   08:03:44      1     37     46      -     40      0      0      0      0      0   5000   1590      0      0   4112      5      0      0      0     89     23 
 20231019   08:03:45      0     38     44      -     40      0      0      0      0      0   5000   1590      0      0   4112      5      0      0      0     95     22 
 20231019   08:03:45      1     37     46      -     40      0      0      0      0      0   5000   1590      0      0   4112      5      0      0      0    102     20 
#Date       Time        gpu    pwr  gtemp  mtemp     sm    mem    enc    dec    jpg    ofa   mclk   pclk  pviol  tviol     fb   bar1  sbecc  dbecc    pci  rxpci  txpci 
#YYYYMMDD   HH:MM:SS    Idx      W      C      C      %      %      %      %      %      %    MHz    MHz      %   bool     MB     MB   errs   errs   errs   MB/s   MB/s 
 20231019   08:03:47      0     38     45      -     41      0      0      0      0      0   5000   1590      0      0   4112      5      0      0      0     98     21 
 20231019   08:03:47      1     37     47      -     40      0      0      0      0      0   5000   1590      0      0   4112      5      0      0      0     95     22 
 20231019   08:03:48      0     38     45      -     41      0      0      0      0      0   5000   1590      0      0   4112      5      0      0      0     95     22 
 20231019   08:03:48      1     37     47      -     41      0      0      0      0      0   5000   1590      0      0   4112      5      0      0      0     90     23 
 20231019   08:03:49      0     38     45      -     41      0      0      0      0      0   5000   1590      0      0   4112      5      0      0      0     95     22 
 20231019   08:03:49      1     37     47      -     40      0      0      0      0      0   5000   1590      0      0   4112      5      0      0      0    102     20 
 20231019   08:03:50      0     38     45      -     41      0      0      0      0      0   5000   1590      0      0   4112      5      0      0      0     97     21 
 20231019   08:03:50      1     37     47      -     40      0      0      0      0      0   5000   1590      0      0   4112      5      0      0      0    101     21 
 20231019   08:03:51      0     38     45      -     41      0      0      0      0      0   5000   1590      0      0   4112      5      0      0      0     97     22 
 20231019   08:03:51      1     37     47      -     41      0      0      0      0      0   5000   1590      0      0   4112      5      0      0      0     90     23 
 20231019   08:03:52      0     38     46      -     40      0      0      0      0      0   5000   1590      0      0   4112      5      0      0      0     95     22 
 20231019   08:03:52      1     37     48      -     40      0      0      0      0      0   5000   1590      0      0   4112      5      0      0      0    103     20 
 20231019   08:03:53      0     38     46      -     40      0      0      0      0      0   5000   1590      0      0   4112      5      0      0      0     97     21 
 20231019   08:03:53      1     37     48      -     40      0      0      0      0      0   5000   1590      0      0   4112      5      0      0      0    100     21 
 20231019   08:03:54      0     38     46      -     41      0      0      0      0      0   5000   1590      0      0   4112      5      0      0      0     95     22 
 20231019   08:03:54      1     37     48      -     40      0      0      0      0      0   5000   1590      0      0   4112      5      0      0      0     89     23 
 20231019   08:03:55      0     38     46      -     41      0      0      0      0      0   5000   1590      0      0   4112      5      0      0      0     95     22 
 20231019   08:03:55      1     37     48      -     40      0      0      0      0      0   5000   1590      0      0   4112      5      0      0      0    101     20 
 20231019   08:03:57      0     38     46      -     41      0      0      0      0      0   5000   1590      0      0   4112      5      0      0      0     97     21 
 20231019   08:03:57      1     37     48      -     40      0      0      0      0      0   5000   1590      0      0   4112      5      0      0      0    102     20 
 20231019   08:03:58      0     38     47      -     41      0      0      0      0      0   5000   1590      0      0   4112      5      0      0      0     95     22 
 20231019   08:03:58      1     38     48      -     40      0      0      0      0      0   5000   1590      0      0   4112      5      0      0      0     90     23 
 20231019   08:03:59      0     38     47      -     41      0      0      0      0      0   5000   1590      0      0   4112      5      0      0      0     95     22 
 20231019   08:03:59      1     37     49      -     40      0      0      0      0      0   5000   1590      0      0   4112      5      0      0      0    102     20 
 20231019   08:04:00      0     38     47      -     41      0      0      0      0      0   5000   1590      0      0   4112      5      0      0      0     98     21 
 20231019   08:04:00      1     37     49      -     40      0      0      0      0      0   5000   1590      0      0   4112      5      0      0      0     89     23 
 20231019   08:04:01      0     38     47      -     41      0      0      0      0      0   5000   1590      0      0   4112      5      0      0      0     95     22 
 20231019   08:04:01      1     38     49      -     40      0      0      0      0      0   5000   1590      0      0   4112      5      0      0      0     95     22 
 20231019   08:04:02      0     38     47      -     41      0      0      0      0      0   5000   1590      0      0   4112      5      0      0      0     97     21 
 20231019   08:04:02      1     38     49      -     40      0      0      0      0      0   5000   1590      0      0   4112      5      0      0      0    102     20 
 20231019   08:04:03      0     39     47      -     41      0      0      0      0      0   5000   1590      0      0   4112      5      0      0      0     98     22 
 20231019   08:04:03      1     38     49      -     40      0      0      0      0      0   5000   1590      0      0   4112      5      0      0      0     91     23 
 20231019   08:04:04      0     39     47      -     41      0      0      0      0      0   5000   1590      0      0   4112      5      0      0      0     96     22 
 20231019   08:04:04      1     37     49      -     40      0      0      0      0      0   5000   1590      0      0   4112      5      0      0      0    102     20 
 20231019   08:04:05      0     39     48      -     41      0      0      0      0      0   5000   1590      0      0   4112      5      0      0      0     98     21 
 20231019   08:04:05      1     37     49      -     40      0      0      0      0      0   5000   1590      0      0   4112      5      0      0      0    102     21 
 20231019   08:04:07      0     38     48      -     41      0      0      0      0      0   5000   1590      0      0   4112      5      0      0      0     98     22 
 20231019   08:04:07      1     38     50      -     40      0      0      0      0      0   5000   1590      0      0   4112      5      0      0      0     89     23 
 20231019   08:04:08      0     39     48      -     41      0      0      0      0      0   5000   1590      0      0   4112      5      0      0      0     95     22 
 20231019   08:04:08      1     38     50      -     40      0      0      0      0      0   5000   1590      0      0   4112      5      0      0      0    102     20 
 20231019   08:04:09      0     39     48      -     41      0      0      0      0      0   5000   1590      0      0   4112      5      0      0      0     98     22 
 20231019   08:04:09      1     38     50      -     40      0      0      0      0      0   5000   1590      0      0   4112      5      0      0      0     90     23 
 20231019   08:04:10      0     39     48      -     41      0      0      0      0      0   5000   1590      0      0   4112      5      0      0      0     95     22 
 20231019   08:04:10      1     38     50      -     40      0      0      0      0      0   5000   1590      0      0   4112      5      0      0      0     90     23 
#Date       Time        gpu    pwr  gtemp  mtemp     sm    mem    enc    dec    jpg    ofa   mclk   pclk  pviol  tviol     fb   bar1  sbecc  dbecc    pci  rxpci  txpci 
#YYYYMMDD   HH:MM:SS    Idx      W      C      C      %      %      %      %      %      %    MHz    MHz      %   bool     MB     MB   errs   errs   errs   MB/s   MB/s 
 20231019   08:04:11      0     38     48      -     41      0      0      0      0      0   5000   1590      0      0   4112      5      0      0      0     97     21 
 20231019   08:04:11      1     38     50      -     40      0      0      0      0      0   5000   1590      0      0   4112      5      0      0      0    102     20 
 20231019   08:04:12      0     38     49      -     41      0      0      0      0      0   5000   1590      0      0   4112      5      0      0      0     97     22 
 20231019   08:04:12      1     38     50      -     40      0      0      0      0      0   5000   1590      0      0   4112      5      0      0      0     89     23 
 20231019   08:04:13      0     39     49      -     41      0      0      0      0      0   5000   1590      0      0   4112      5      0      0      0     95     22 
 20231019   08:04:13      1     38     50      -     40      0      0      0      0      0   5000   1590      0      0   4112      5      0      0      0    102     20 
 20231019   08:04:14      0     39     49      -     41      0      0      0      0      0   5000   1590      0      0   4112      5      0      0      0     97     22 
 20231019   08:04:14      1     38     51      -     41      0      0      0      0      0   5000   1590      0      0   4112      5      0      0      0    103     20 
 20231019   08:04:15      0     39     49      -     41      0      0      0      0      0   5000   1590      0      0   4112      5      0      0      0     98     22 
 20231019   08:04:15      1     38     51      -     40      0      0      0      0      0   5000   1590      0      0   4112      5      0      0      0     90     23 
 20231019   08:04:17      0     39     49      -     41      0      0      0      0      0   5000   1590      0      0   4112      5      0      0      0     95     22 
 20231019   08:04:17      1     38     51      -     40      0      0      0      0      0   5000   1590      0      0   4112      5      0      0      0     97     22 
 20231019   08:04:18      0     39     49      -     41      0      0      0      0      0   5000   1590      0      0   4112      5      0      0      0     98     21 
 20231019   08:04:18      1     38     51      -     40      0      0      0      0      0   5000   1590      0      0   4112      5      0      0      0    102     20 
 20231019   08:04:19      0     39     49      -     41      0      0      0      0      0   5000   1590      0      0   4112      5      0      0      0     97     22 
 20231019   08:04:19      1     38     51      -     40      0      0      0      0      0   5000   1590      0      0   4112      5      0      0      0     90     23 
 20231019   08:04:20      0     39     49      -     41      0      0      0      0      0   5000   1590      0      0   4112      5      0      0      0     95     22 
 20231019   08:04:20      1     38     51      -     40      0      0      0      0      0   5000   1590      0      0   4112      5      0      0      0     89     23 
 20231019   08:04:21      0     39     49      -     41      0      0      0      0      0   5000   1590      0      0   4112      5      0      0      0     98     21 
 20231019   08:04:21      1     38     51      -     40      0      0      0      0      0   5000   1590      0      0   4112      5      0      0      0    102     20 
 20231019   08:04:22      0     39     50      -     41      0      0      0      0      0   5000   1590      0      0   4112      5      0      0      0     98     21 
 20231019   08:04:22      1     38     51      -     40      0      0      0      0      0   5000   1590      0      0   4112      5      0      0      0     89     23 
 20231019   08:04:23      0     39     50      -     41      0      0      0      0      0   5000   1590      0      0   4112      5      0      0      0     95     22 
 20231019   08:04:23      1     38     52      -     40      0      0      0      0      0   5000   1590      0      0   4112      5      0      0      0    101     21 
 20231019   08:04:24      0     39     50      -     41      0      0      0      0      0   5000   1590      0      0   4112      5      0      0      0     97     22 
 20231019   08:04:24      1     38     52      -     40      0      0      0      0      0   5000   1590      0      0   4112      5      0      0      0    102     20 
 20231019   08:04:25      0     39     50      -     41      0      0      0      0      0   5000   1590      0      0   4112      5      0      0      0     97     21 
 20231019   08:04:25      1     38     52      -     40      0      0      0      0      0   5000   1590      0      0   4112      5      0      0      0     89     23 
 20231019   08:04:27      0     39     50      -     41      0      0      0      0      0   5000   1590      0      0   4112      5      0      0      0     96     22 
 20231019   08:04:27      1     38     52      -     40      0      0      0      0      0   5000   1590      0      0   4112      5      0      0      0     93     22 
 20231019   08:04:28      0     39     50      -     41      0      0      0      0      0   5000   1590      0      0   4112      5      0      0      0     95     22 
 20231019   08:04:28      1     38     52      -     40      0      0      0      0      0   5000   1590      0      0   4112      5      0      0      0    102     20 
 20231019   08:04:29      0     39     50      -     41      0      0      0      0      0   5000   1590      0      0   4112      5      0      0      0     97     21 
 20231019   08:04:29      1     38     52      -     40      0      0      0      0      0   5000   1590      0      0   4112      5      0      0      0     89     23 
 20231019   08:04:30      0     39     50      -     41      0      0      0      0      0   5000   1590      0      0   4112      5      0      0      0     95     22 
 20231019   08:04:30      1     38     52      -     40      0      0      0      0      0   5000   1590      0      0   4112      5      0      0      0    101     21 
 20231019   08:04:31      0     39     51      -     41      0      0      0      0      0   5000   1590      0      0   4112      5      0      0      0     98     21 
 20231019   08:04:31      1     38     52      -     40      0      0      0      0      0   5000   1590      0      0   4112      5      0      0      0    103     20 
 20231019   08:04:32      0     36     50      -     56      3      0      0      0      0   5000   1590      0      0   4112      5      0      0      0      1   6372 
 20231019   08:04:32      1     35     52      -     51      3      0      0      0      0   5000   1590      0      0   4112      5      0      0      0      1   3588 
 20231019   08:04:33      0     35     50      -      0      0      0      0      0      0   5000   1590      0      0   4112      5      0      0      0      0      0 
 20231019   08:04:33      1     34     52      -      0      0      0      0      0      0   5000   1590      0      0   4112      5      0      0      0      0      0 
 20231019   08:04:34      0     27     50      -      0      0      0      0      0      0   5000    585      0      0   4112      5      0      0      0      0      0 
 20231019   08:04:34      1     26     52      -      0      0      0      0      0      0   5000    585      0      0   4112      5      0      0      0      0      0 
#Date       Time        gpu    pwr  gtemp  mtemp     sm    mem    enc    dec    jpg    ofa   mclk   pclk  pviol  tviol     fb   bar1  sbecc  dbecc    pci  rxpci  txpci 
#YYYYMMDD   HH:MM:SS    Idx      W      C      C      %      %      %      %      %      %    MHz    MHz      %   bool     MB     MB   errs   errs   errs   MB/s   MB/s 
 20231019   08:04:35      0     27     50      -      0      0      0      0      0      0   5000    585      0      0   4112      5      0      0      0      0      0 
 20231019   08:04:35      1     26     52      -      0      0      0      0      0      0   5000    585      0      0   4112      5      0      0      0      0      0 
 20231019   08:04:37      0     27     50      -     68      7      0      0      0      0   5000   1005      0      0      2      2      0      0      0      0      0 
 20231019   08:04:37      1     29     52      -      0      0      0      0      0      0   5000   1320      0      0      2      2      0      0      0      0      0 
 20231019   08:04:38      0     28     50      -      0      0      0      0      0      0   5000   1005      0      0      2      2      0      0      0      0      0 
 20231019   08:04:38      1     29     52      -      0      0      0      0      0      0   5000   1320      0      0      2      2      0      0      0      0      0 
 20231019   08:04:39      0     10     49      -      0      0      0      0      0      0    405    300      0      0      2      2      0      0      0      0      0 
 20231019   08:04:39      1      9     51      -      0      0      0      0      0      0    405    360      0      0      2      2      0      0      0      0      0 
 20231019   08:04:40      0      9     49      -      0      0      0      0      0      0    405    300      0      0      2      2      0      0      0      0      0 
 20231019   08:04:40      1      9     50      -      0      0      0      0      0      0    405    300      0      0      2      2      0      0      0      0      0 
 20231019   08:04:41      0     10     48      -      0      0      0      0      0      0    405    300      0      0      2      2      0      0      0      0      0 
 20231019   08:04:41      1      9     50      -      0      0      0      0      0      0    405    300      0      0      2      2      0      0      0      0      0 
 20231019   08:04:42      0      9     48      -      0      0      0      0      0      0    405    300      0      0      2      2      0      0      0      0      0 
 20231019   08:04:42      1      9     50      -      0      0      0      0      0      0    405    300      0      0      2      2      0      0      0      0      0 
 20231019   08:04:43      0     10     48      -      0      0      0      0      0      0    405    300      0      0      2      2      0      0      0      0      0 
 20231019   08:04:43      1     10     50      -      0      0      0      0      0      0    405    300      0      0      2      2      0      0      0      0      0 
 20231019   08:04:44      0     10     48      -      0      0      0      0      0      0    405    300      0      0      2      2      0      0      0      0      0 
 20231019   08:04:44      1      9     49      -      0      0      0      0      0      0    405    300      0      0      2      2      0      0      0      0      0 
 20231019   08:04:46      0     10     47      -      0      0      0      0      0      0    405    300      0      0      2      2      0      0      0      0      0 
 20231019   08:04:46      1      9     49      -      0      0      0      0      0      0    405    300      0      0      2      2      0      0      0      0      0 
 20231019   08:04:47      0      9     47      -      0      0      0      0      0      0    405    300      0      0      2      2      0      0      0      0      0 
 20231019   08:04:47      1      9     49      -      0      0      0      0      0      0    405    300      0      0      2      2      0      0      0      0      0 
 20231019   08:04:48      0      9     47      -      0      0      0      0      0      0    405    300      0      0      2      2      0      0      0      0      0 
 20231019   08:04:48      1      9     49      -      0      0      0      0      0      0    405    300      0      0      2      2      0      0      0      0      0 
 20231019   08:04:49      0      9     47      -      0      0      0      0      0      0    405    300      0      0      2      2      0      0      0      0      0 
 20231019   08:04:49      1      9     49      -      0      0      0      0      0      0    405    300      0      0      2      2      0      0      0      0      0 
 20231019   08:04:50      0      9     46      -      0      0      0      0      0      0    405    300      0      0      2      2      0      0      0      0      0 
 20231019   08:04:50      1      9     49      -      0      0      0      0      0      0    405    300      0      0      2      2      0      0      0      0      0 
 20231019   08:04:51      0      9     46      -      0      0      0      0      0      0    405    300      0      0      2      2      0      0      0      0      0 
 20231019   08:04:51      1      9     48      -      0      0      0      0      0      0    405    300      0      0      2      2      0      0      0      0      0 
 20231019   08:04:52      0     10     46      -      0      0      0      0      0      0    405    300      0      0      2      2      0      0      0      0      0 
 20231019   08:04:52      1      9     48      -      0      0      0      0      0      0    405    300      0      0      2      2      0      0      0      0      0 
 20231019   08:04:54      0     10     46      -      0      0      0      0      0      0    405    300      0      0      2      2      0      0      0      0      0 
 20231019   08:04:54      1      9     48      -      0      0      0      0      0      0    405    300      0      0      2      2      0      0      0      0      0 
