#Date       Time        gpu    pwr  gtemp  mtemp     sm    mem    enc    dec    jpg    ofa   mclk   pclk  pviol  tviol     fb   bar1  sbecc  dbecc    pci  rxpci  txpci 
#YYYYMMDD   HH:MM:SS    Idx      W      C      C      %      %      %      %      %      %    MHz    MHz      %   bool     MB     MB   errs   errs   errs   MB/s   MB/s 
 20231019   06:04:46      0     26     48      -      0      0      0      0      0      0   5000    585      0      0      2      2      0      0      0      0      0 
 20231019   06:04:46      1     26     49      -      7      0      0      0      0      0   5000    585      0      0      2      2      0      0      0      0      0 
 20231019   06:04:47      0     27     48      -      0      0      0      0      0      0   5000    585      0      0     14      5      0      0      0      8      9 
 20231019   06:04:47      1     26     50      -      0      0      0      0      0      0   5000    585      0      0     14      5      0      0      0     14     72 
 20231019   06:04:48      0     41     48      -     64      5      0      0      0      0   5000   1485      0      0    120      5      0      0      0     59     15 
 20231019   06:04:48      1     38     50      -     58      7      0      0      0      0   5000   1590      0      0    120      5      0      0      0     60     17 
 20231019   06:04:49      0     45     49      -     59      8      0      0      0      0   5000   1590      0      0    120      5      0      0      0     68     17 
 20231019   06:04:49      1     45     51      -     59      8      0      0      0      0   5000   1590      0      0    120      5      0      0      0     68     17 
 20231019   06:04:50      0     46     49      -     59      8      0      0      0      0   5000   1590      0      0    120      5      0      0      0     67     17 
 20231019   06:04:50      1     45     51      -     59      8      0      0      0      0   5000   1590      0      0    120      5      0      0      0     67     17 
 20231019   06:04:52      0     47     50      -     59      8      0      0      0      0   5000   1590      0      0    120      5      0      0      0     67     16 
 20231019   06:04:52      1     46     51      -     58      8      0      0      0      0   5000   1590      0      0    120      5      0      0      0     67     16 
 20231019   06:04:53      0     46     50      -     59      8      0      0      0      0   5000   1590      0      0    120      5      0      0      0     68     17 
 20231019   06:04:53      1     46     52      -     59      7      0      0      0      0   5000   1590      0      0    120      5      0      0      0     67     17 
 20231019   06:04:54      0     47     50      -     60      8      0      0      0      0   5000   1590      0      0    120      5      0      0      0     66     16 
 20231019   06:04:54      1     45     52      -     59      8      0      0      0      0   5000   1590      0      0    120      5      0      0      0     65     16 
 20231019   06:04:55      0     46     50      -     59      8      0      0      0      0   5000   1590      0      0    120      5      0      0      0     66     17 
 20231019   06:04:55      1     45     52      -     58      7      0      0      0      0   5000   1590      0      0    120      5      0      0      0     66     17 
 20231019   06:04:56      0     46     51      -     59      7      0      0      0      0   5000   1590      0      0    120      5      0      0      0     66     17 
 20231019   06:04:56      1     46     52      -     59      7      0      0      0      0   5000   1590      0      0    120      5      0      0      0     66     17 
 20231019   06:04:57      0     47     51      -     59      7      0      0      0      0   5000   1590      0      0    120      5      0      0      0     67     17 
 20231019   06:04:57      1     45     53      -     59      7      0      0      0      0   5000   1590      0      0    120      5      0      0      0     67     17 
 20231019   06:04:58      0     45     51      -     60      7      0      0      0      0   5000   1590      0      0    120      5      0      0      0     62     17 
 20231019   06:04:58      1     46     53      -     59      7      0      0      0      0   5000   1590      0      0    120      5      0      0      0     61     16 
 20231019   06:04:59      0     47     51      -     60      7      0      0      0      0   5000   1590      0      0    120      5      0      0      0     67     17 
 20231019   06:04:59      1     46     53      -     59      7      0      0      0      0   5000   1590      0      0    120      5      0      0      0     66     17 
 20231019   06:05:00      0     46     51      -     60      7      0      0      0      0   5000   1590      0      0    120      5      0      0      0     66     17 
 20231019   06:05:00      1     45     53      -     59      7      0      0      0      0   5000   1590      0      0    120      5      0      0      0     62     16 
 20231019   06:05:02      0     46     52      -     60      7      0      0      0      0   5000   1590      0      0    120      5      0      0      0     66     17 
 20231019   06:05:02      1     46     54      -     59      7      0      0      0      0   5000   1590      0      0    120      5      0      0      0     65     17 
 20231019   06:05:03      0     46     52      -     60      7      0      0      0      0   5000   1590      0      0    120      5      0      0      0     65     17 
 20231019   06:05:03      1     45     54      -     60      7      0      0      0      0   5000   1590      0      0    120      5      0      0      0     63     17 
 20231019   06:05:04      0     46     52      -     60      7      0      0      0      0   5000   1590      0      0    120      5      0      0      0     62     16 
 20231019   06:05:04      1     47     54      -     59      7      0      0      0      0   5000   1590      0      0    120      5      0      0      0     61     16 
 20231019   06:05:05      0     46     52      -     60      7      0      0      0      0   5000   1590      0      0    120      5      0      0      0     64     15 
 20231019   06:05:05      1     46     54      -     60      7      0      0      0      0   5000   1590      0      0    120      5      0      0      0     65     17 
 20231019   06:05:06      0     47     52      -     60      7      0      0      0      0   5000   1590      0      0    120      5      0      0      0     65     17 
 20231019   06:05:06      1     46     54      -     59      7      0      0      0      0   5000   1590      0      0    120      5      0      0      0     64     17 
 20231019   06:05:07      0     46     53      -     60      7      0      0      0      0   5000   1590      0      0    120      5      0      0      0     64     17 
 20231019   06:05:07      1     47     54      -     60      7      0      0      0      0   5000   1590      0      0    120      5      0      0      0     63     17 
 20231019   06:05:08      0     46     53      -     60      7      0      0      0      0   5000   1590      0      0    120      5      0      0      0     64     15 
 20231019   06:05:08      1     46     55      -     60      7      0      0      0      0   5000   1590      0      0    120      5      0      0      0     65     16 
 20231019   06:05:09      0     48     53      -     60      7      0      0      0      0   5000   1590      0      0    120      5      0      0      0     65     17 
 20231019   06:05:09      1     46     55      -     60      7      0      0      0      0   5000   1590      0      0    120      5      0      0      0     64     17 
#Date       Time        gpu    pwr  gtemp  mtemp     sm    mem    enc    dec    jpg    ofa   mclk   pclk  pviol  tviol     fb   bar1  sbecc  dbecc    pci  rxpci  txpci 
#YYYYMMDD   HH:MM:SS    Idx      W      C      C      %      %      %      %      %      %    MHz    MHz      %   bool     MB     MB   errs   errs   errs   MB/s   MB/s 
 20231019   06:05:10      0     46     53      -     60      7      0      0      0      0   5000   1590      0      0    120      5      0      0      0     65     17 
 20231019   06:05:10      1     46     55      -     60      7      0      0      0      0   5000   1590      0      0    120      5      0      0      0     65     17 
 20231019   06:05:12      0     46     53      -     61      7      0      0      0      0   5000   1590      0      0    120      5      0      0      0     62     16 
 20231019   06:05:12      1     46     55      -     60      7      0      0      0      0   5000   1590      0      0    120      5      0      0      0     63     16 
 20231019   06:05:13      0     46     53      -     61      7      0      0      0      0   5000   1590      0      0    120      5      0      0      0     60     16 
 20231019   06:05:13      1     45     55      -     60      7      0      0      0      0   5000   1590      0      0    120      5      0      0      0     64     16 
 20231019   06:05:14      0     47     54      -     61      7      0      0      0      0   5000   1590      0      0    120      5      0      0      0     65     17 
 20231019   06:05:14      1     45     55      -     60      7      0      0      0      0   5000   1590      0      0    120      5      0      0      0     65     15 
 20231019   06:05:15      0     47     54      -     61      7      0      0      0      0   5000   1590      0      0    120      5      0      0      0     63     16 
 20231019   06:05:15      1     46     55      -     60      7      0      0      0      0   5000   1590      0      0    120      5      0      0      0     61     16 
 20231019   06:05:16      0     46     54      -     61      7      0      0      0      0   5000   1590      0      0    120      5      0      0      0     64     16 
 20231019   06:05:16      1     48     56      -     60      7      0      0      0      0   5000   1590      0      0    120      5      0      0      0     64     17 
 20231019   06:05:17      0     46     54      -     61      7      0      0      0      0   5000   1590      0      0    120      5      0      0      0     63     16 
 20231019   06:05:17      1     46     56      -     60      7      0      0      0      0   5000   1590      0      0    120      5      0      0      0     61     16 
 20231019   06:05:18      0     47     54      -     61      7      0      0      0      0   5000   1590      0      0    120      5      0      0      0     64     16 
 20231019   06:05:18      1     46     56      -     61      7      0      0      0      0   5000   1590      0      0    120      5      0      0      0     64     16 
 20231019   06:05:19      0     47     54      -     61      7      0      0      0      0   5000   1590      0      0    120      5      0      0      0     61     16 
 20231019   06:05:19      1     46     56      -     60      7      0      0      0      0   5000   1590      0      0    120      5      0      0      0     64     16 
 20231019   06:05:21      0     47     54      -     61      7      0      0      0      0   5000   1590      0      0    120      5      0      0      0     62     16 
 20231019   06:05:21      1     46     56      -     61      7      0      0      0      0   5000   1590      0      0    120      5      0      0      0     62     15 
 20231019   06:05:22      0     47     55      -     61      7      0      0      0      0   5000   1590      0      0    120      5      0      0      0     63     16 
 20231019   06:05:22      1     47     56      -     61      7      0      0      0      0   5000   1590      0      0    120      5      0      0      0     60     16 
 20231019   06:05:23      0     47     55      -     61      7      0      0      0      0   5000   1590      0      0    120      5      0      0      0     62     16 
 20231019   06:05:23      1     46     56      -     61      7      0      0      0      0   5000   1590      0      0    120      5      0      0      0     60     16 
 20231019   06:05:24      0     48     55      -     61      7      0      0      0      0   5000   1590      0      0    120      5      0      0      0     62     16 
 20231019   06:05:24      1     47     57      -     60      7      0      0      0      0   5000   1590      0      0    120      5      0      0      0     62     15 
 20231019   06:05:25      0     47     55      -     61      7      0      0      0      0   5000   1590      0      0    120      5      0      0      0     60     16 
 20231019   06:05:25      1     46     57      -     60      7      0      0      0      0   5000   1590      0      0    120      5      0      0      0     63     16 
 20231019   06:05:26      0     47     55      -     61      7      0      0      0      0   5000   1590      0      0    120      5      0      0      0     63     16 
 20231019   06:05:26      1     47     57      -     61      7      0      0      0      0   5000   1590      0      0    120      5      0      0      0     63     16 
 20231019   06:05:27      0     48     55      -     61      7      0      0      0      0   5000   1590      0      0    120      5      0      0      0     62     16 
 20231019   06:05:27      1     47     57      -     61      7      0      0      0      0   5000   1590      0      0    120      5      0      0      0     63     16 
 20231019   06:05:28      0     48     55      -     61      7      0      0      0      0   5000   1590      0      0    120      5      0      0      0     62     16 
 20231019   06:05:28      1     46     57      -     61      7      0      0      0      0   5000   1590      0      0    120      5      0      0      0     63     16 
 20231019   06:05:29      0     48     55      -     61      7      0      0      0      0   5000   1590      0      0    120      5      0      0      0     63     16 
 20231019   06:05:29      1     46     57      -     61      7      0      0      0      0   5000   1590      0      0    120      5      0      0      0     62     16 
 20231019   06:05:31      0     48     56      -     61      7      0      0      0      0   5000   1590      0      0    120      5      0      0      0     63     16 
 20231019   06:05:31      1     47     57      -     61      7      0      0      0      0   5000   1590      0      0    120      5      0      0      0     63     16 
 20231019   06:05:32      0     47     56      -     62      7      0      0      0      0   5000   1590      0      0    120      5      0      0      0     61     16 
 20231019   06:05:32      1     47     57      -     61      7      0      0      0      0   5000   1590      0      0    120      5      0      0      0     62     15 
 20231019   06:05:33      0     48     56      -     62      7      0      0      0      0   5000   1590      0      0    120      5      0      0      0     61     15 
 20231019   06:05:33      1     46     57      -     61      7      0      0      0      0   5000   1590      0      0    120      5      0      0      0     62     16 
 20231019   06:05:34      0     47     56      -     62      7      0      0      0      0   5000   1590      0      0    120      5      0      0      0     59     15 
 20231019   06:05:34      1     46     58      -     61      7      0      0      0      0   5000   1590      0      0    120      5      0      0      0     62     16 
#Date       Time        gpu    pwr  gtemp  mtemp     sm    mem    enc    dec    jpg    ofa   mclk   pclk  pviol  tviol     fb   bar1  sbecc  dbecc    pci  rxpci  txpci 
#YYYYMMDD   HH:MM:SS    Idx      W      C      C      %      %      %      %      %      %    MHz    MHz      %   bool     MB     MB   errs   errs   errs   MB/s   MB/s 
 20231019   06:05:35      0     48     56      -     62      7      0      0      0      0   5000   1590      0      0    120      5      0      0      0     60     16 
 20231019   06:05:35      1     46     58      -     62      7      0      0      0      0   5000   1590      0      0    120      5      0      0      0     61     16 
 20231019   06:05:36      0     48     56      -     61      7      0      0      0      0   5000   1590      0      0    120      5      0      0      0     60     15 
 20231019   06:05:36      1     47     58      -     61      7      0      0      0      0   5000   1590      0      0    120      5      0      0      0     62     16 
 20231019   06:05:37      0     47     56      -     62      7      0      0      0      0   5000   1590      0      0    120      5      0      0      0     62     15 
 20231019   06:05:37      1     46     58      -     61      7      0      0      0      0   5000   1590      0      0    120      5      0      0      0     62     16 
 20231019   06:05:38      0     47     56      -     62      7      0      0      0      0   5000   1590      0      0    120      5      0      0      0     63     16 
 20231019   06:05:38      1     47     58      -     61      7      0      0      0      0   5000   1590      0      0    120      5      0      0      0     60     16 
 20231019   06:05:39      0     35     56      -      1      0      0      0      0      0   5000   1590      0      0      2      2      0      0      0      0      0 
 20231019   06:05:39      1     34     58      -      0      0      0      0      0      0   5000   1590      0      0      2      2      0      0      0      0      0 
 20231019   06:05:41      0     35     56      -      0      0      0      0      0      0   5000   1590      0      0      2      2      0      0      0      0      0 
 20231019   06:05:41      1     34     57      -      0      0      0      0      0      0   5000   1590      0      0      2      2      0      0      0      0      0 
 20231019   06:05:42      0     27     55      -      0      0      0      0      0      0   5000    360      0      0      2      2      0      0      0      0      0 
 20231019   06:05:42      1     26     57      -      0      0      0      0      0      0   5000    360      0      0      2      2      0      0      0      0      0 
 20231019   06:05:43      0     10     54      -      0      0      0      0      0      0    405    360      0      0      2      2      0      0      0      0      0 
 20231019   06:05:43      1     10     56      -      0      0      0      0      0      0    405    300      0      0      2      2      0      0      0      0      0 
 20231019   06:05:44      0     10     54      -      0      0      0      0      0      0    405    300      0      0      2      2      0      0      0      0      0 
 20231019   06:05:44      1      9     55      -      0      0      0      0      0      0    405    300      0      0      2      2      0      0      0      0      0 
 20231019   06:05:45      0      9     53      -      0      0      0      0      0      0    405    300      0      0      2      2      0      0      0      0      0 
 20231019   06:05:45      1     10     55      -      0      0      0      0      0      0    405    300      0      0      2      2      0      0      0      0      0 
 20231019   06:05:46      0     10     53      -      0      0      0      0      0      0    405    300      0      0      2      2      0      0      0      0      0 
 20231019   06:05:46      1      9     55      -      0      0      0      0      0      0    405    300      0      0      2      2      0      0      0      0      0 
 20231019   06:05:47      0     10     53      -      0      0      0      0      0      0    405    300      0      0      2      2      0      0      0      0      0 
 20231019   06:05:47      1      9     54      -      0      0      0      0      0      0    405    300      0      0      2      2      0      0      0      0      0 
 20231019   06:05:48      0      9     52      -      0      0      0      0      0      0    405    300      0      0      2      2      0      0      0      0      0 
 20231019   06:05:48      1     10     54      -      0      0      0      0      0      0    405    300      0      0      2      2      0      0      0      0      0 
 20231019   06:05:50      0      9     52      -      0      0      0      0      0      0    405    300      0      0      2      2      0      0      0      0      0 
 20231019   06:05:50      1      9     54      -      0      0      0      0      0      0    405    300      0      0      2      2      0      0      0      0      0 
 20231019   06:05:51      0     10     52      -      0      0      0      0      0      0    405    300      0      0      2      2      0      0      0      0      0 
 20231019   06:05:51      1      9     53      -      0      0      0      0      0      0    405    300      0      0      2      2      0      0      0      0      0 
 20231019   06:05:52      0      9     51      -      0      0      0      0      0      0    405    300      0      0      2      2      0      0      0      0      0 
 20231019   06:05:52      1     10     53      -      0      0      0      0      0      0    405    300      0      0      2      2      0      0      0      0      0 
 20231019   06:05:53      0      9     51      -      0      0      0      0      0      0    405    300      0      0      2      2      0      0      0      0      0 
 20231019   06:05:53      1     10     53      -      0      0      0      0      0      0    405    300      0      0      2      2      0      0      0      0      0 
 20231019   06:05:54      0     10     51      -      0      0      0      0      0      0    405    300      0      0      2      2      0      0      0      0      0 
 20231019   06:05:54      1      9     53      -      0      0      0      0      0      0    405    300      0      0      2      2      0      0      0      0      0 
 20231019   06:05:55      0     10     51      -      0      0      0      0      0      0    405    300      0      0      2      2      0      0      0      0      0 
 20231019   06:05:55      1      9     52      -      0      0      0      0      0      0    405    300      0      0      2      2      0      0      0      0      0 
 20231019   06:05:56      0     10     50      -      0      0      0      0      0      0    405    300      0      0      2      2      0      0      0      0      0 
 20231019   06:05:56      1      9     52      -      0      0      0      0      0      0    405    300      0      0      2      2      0      0      0      0      0 
 20231019   06:05:58      0     10     50      -      0      0      0      0      0      0    405    300      0      0      2      2      0      0      0      0      0 
 20231019   06:05:58      1      9     52      -      0      0      0      0      0      0    405    300      0      0      2      2      0      0      0      0      0 
 20231019   06:05:59      0     10     50      -      0      0      0      0      0      0    405    300      0      0      2      2      0      0      0      0      0 
 20231019   06:05:59      1      9     52      -      0      0      0      0      0      0    405    300      0      0      2      2      0      0      0      0      0 
#Date       Time        gpu    pwr  gtemp  mtemp     sm    mem    enc    dec    jpg    ofa   mclk   pclk  pviol  tviol     fb   bar1  sbecc  dbecc    pci  rxpci  txpci 
#YYYYMMDD   HH:MM:SS    Idx      W      C      C      %      %      %      %      %      %    MHz    MHz      %   bool     MB     MB   errs   errs   errs   MB/s   MB/s 
 20231019   06:06:00      0      9     50      -      0      0      0      0      0      0    405    300      0      0      2      2      0      0      0      0      0 
 20231019   06:06:00      1      9     51      -      0      0      0      0      0      0    405    300      0      0      2      2      0      0      0      0      0 
 20231019   06:06:01      0      9     49      -      0      0      0      0      0      0    405    300      0      0      2      2      0      0      0      0      0 
 20231019   06:06:01      1     10     51      -      0      0      0      0      0      0    405    300      0      0      2      2      0      0      0      0      0 
 20231019   06:06:02      0     10     49      -      0      0      0      0      0      0    405    300      0      0      2      2      0      0      0      0      0 
 20231019   06:06:02      1      9     51      -      0      0      0      0      0      0    405    300      0      0      2      2      0      0      0      0      0 
 20231019   06:06:03      0      9     49      -      0      0      0      0      0      0    405    300      0      0      2      2      0      0      0      0      0 
 20231019   06:06:03      1      9     51      -      0      0      0      0      0      0    405    300      0      0      2      2      0      0      0      0      0 
 20231019   06:06:04      0      9     49      -      0      0      0      0      0      0    405    300      0      0      2      2      0      0      0      0      0 
 20231019   06:06:04      1      9     51      -      0      0      0      0      0      0    405    300      0      0      2      2      0      0      0      0      0 
 20231019   06:06:06      0      9     49      -      0      0      0      0      0      0    405    300      0      0      2      2      0      0      0      0      0 
 20231019   06:06:06      1      9     50      -      0      0      0      0      0      0    405    300      0      0      2      2      0      0      0      0      0 
 20231019   06:06:07      0      9     48      -      0      0      0      0      0      0    405    300      0      0      2      2      0      0      0      0      0 
 20231019   06:06:07      1      9     50      -      0      0      0      0      0      0    405    300      0      0      2      2      0      0      0      0      0 
 20231019   06:06:08      0      9     48      -      0      0      0      0      0      0    405    300      0      0      2      2      0      0      0      0      0 
 20231019   06:06:08      1      9     50      -      0      0      0      0      0      0    405    300      0      0      2      2      0      0      0      0      0 
 20231019   06:06:09      0     10     48      -      0      0      0      0      0      0    405    300      0      0      2      2      0      0      0      0      0 
 20231019   06:06:09      1      9     50      -      0      0      0      0      0      0    405    300      0      0      2      2      0      0      0      0      0 
 20231019   06:06:10      0     10     48      -      0      0      0      0      0      0    405    300      0      0      2      2      0      0      0      0      0 
 20231019   06:06:10      1      9     50      -      0      0      0      0      0      0    405    300      0      0      2      2      0      0      0      0      0 
