#Date       Time        gpu    pwr  gtemp  mtemp     sm    mem    enc    dec    jpg    ofa   mclk   pclk  pviol  tviol     fb   bar1  sbecc  dbecc    pci  rxpci  txpci 
#YYYYMMDD   HH:MM:SS    Idx      W      C      C      %      %      %      %      %      %    MHz    MHz      %   bool     MB     MB   errs   errs   errs   MB/s   MB/s 
 20231009   18:30:28      0      9     29      -      0      0      0      0      0      0    405    300      0      0      6      2      0      0      0      0      0 
 20231009   18:30:29      0      9     29      -      0      0      0      0      0      0    405    300      0      0      6      2      0      0      0      0      0 
 20231009   18:30:30      0      9     29      -      0      0      0      0      0      0    405    300      0      0      6      2      0      0      0      0      0 
 20231009   18:30:31      0      9     29      -      0      0      0      0      0      0    405    300      0      0      6      2      0      0      0      0      0 
 20231009   18:30:32      0      9     29      -      0      0      0      0      0      0    405    300      0      0      6      2      0      0      0      0      0 
 20231009   18:30:33      0      9     29      -      0      0      0      0      0      0    405    300      0      0      6      2      0      0      0      0      0 
 20231009   18:30:34      0      9     29      -      0      0      0      0      0      0    405    300      0      0      6      2      0      0      0      0      0 
 20231009   18:30:35      0      9     29      -      0      0      0      0      0      0    405    300      0      0      6      2      0      0      0      0      0 
 20231009   18:30:37      0      9     29      -      0      0      0      0      0      0    405    300      0      0      6      2      0      0      0      0      0 
 20231009   18:30:38      0      9     29      -      0      0      0      0      0      0    405    300      0      0      6      2      0      0      0      0      0 
 20231009   18:30:39      0     26     30      -      0      0      0      0      0      0   5000   1140      0      0      9      3      0      0      0     30     30 
 20231009   18:30:40      0     34     31      -      0      0      0      0      0      0   5000   1590      0      0    211     43      0      0      0     18     20 
 20231009   18:30:41      0     35     31      -      0      0      0      0      0      0   5000   1590      0      0    223     43      0      0      0     19     73 
 20231009   18:30:43      0     46     32      -     94     11      0      0      0      0   5000   1590      0      0   2493     43      0      0      0     63     19 
 20231009   18:30:44      0     45     33      -     98     11      0      0      0      0   5000   1590      0      0   2493     43      0      0      0     66     20 
 20231009   18:30:45      0     45     33      -     98     11      0      0      0      0   5000   1590      0      0   2493     43      0      0      0     62     21 
 20231009   18:30:46      0     46     33      -     98     12      0      0      0      0   5000   1590      0      0   2493     43      0      0      0     78     22 
 20231009   18:30:47      0     45     34      -     98     12      0      0      0      0   5000   1590      0      0   2493     43      0      0      0     75     23 
 20231009   18:30:48      0     45     34      -     98     12      0      0      0      0   5000   1590      0      0   2493     43      0      0      0     79     22 
 20231009   18:30:49      0     45     34      -     98     13      0      0      0      0   5000   1590      0      0   2493     43      0      0      0     63     18 
 20231009   18:30:50      0     47     35      -     98     13      0      0      0      0   5000   1590      0      0   2493     43      0      0      0     73     22 
 20231009   18:30:51      0     46     35      -     98     11      0      0      0      0   5000   1590      0      0   2493     43      0      0      0     77     23 
 20231009   18:30:52      0     46     35      -     98     11      0      0      0      0   5000   1590      0      0   2493     43      0      0      0     78     22 
 20231009   18:30:53      0     46     36      -     98     12      0      0      0      0   5000   1590      0      0   2493     43      0      0      0     76     23 
 20231009   18:30:54      0     47     36      -     98     13      0      0      0      0   5000   1590      0      0   2493     43      0      0      0     73     22 
 20231009   18:30:55      0     45     36      -     98     12      0      0      0      0   5000   1590      0      0   2493     43      0      0      0     71     20 
 20231009   18:30:56      0     45     37      -     98     12      0      0      0      0   5000   1590      0      0   2493     43      0      0      0     61     20 
 20231009   18:30:58      0     46     37      -     98     12      0      0      0      0   5000   1590      0      0   2493     43      0      0      0     69     19 
 20231009   18:30:59      0     44     37      -     98     12      0      0      0      0   5000   1590      0      0   2493     43      0      0      0     77     22 
 20231009   18:31:00      0     45     37      -     98     12      0      0      0      0   5000   1590      0      0   2493     43      0      0      0     76     21 
 20231009   18:31:01      0     45     38      -     98     12      0      0      0      0   5000   1590      0      0   2493     43      0      0      0     78     22 
 20231009   18:31:02      0     46     38      -     98     11      0      0      0      0   5000   1590      0      0   2493     43      0      0      0     78     22 
 20231009   18:31:03      0     46     38      -     98     12      0      0      0      0   5000   1590      0      0   2493     43      0      0      0     79     21 
 20231009   18:31:04      0     45     38      -     98     11      0      0      0      0   5000   1590      0      0   2493     43      0      0      0     78     23 
 20231009   18:31:05      0     46     39      -     98     11      0      0      0      0   5000   1590      0      0   2493     43      0      0      0     75     23 
 20231009   18:31:06      0     46     39      -     98     12      0      0      0      0   5000   1590      0      0   2493     43      0      0      0     79     22 
 20231009   18:31:07      0     47     39      -     98     11      0      0      0      0   5000   1590      0      0   2493     43      0      0      0     77     22 
 20231009   18:31:08      0     48     39      -     98     12      0      0      0      0   5000   1590      0      0   2493     43      0      0      0     74     23 
 20231009   18:31:09      0     47     40      -     98     12      0      0      0      0   5000   1590      0      0   2493     43      0      0      0     71     21 
 20231009   18:31:10      0     46     40      -     98     12      0      0      0      0   5000   1590      0      0   2493     43      0      0      0     62     18 
 20231009   18:31:11      0     46     40      -     98     12      0      0      0      0   5000   1590      0      0   2493     43      0      0      0     77     20 
 20231009   18:31:12      0     45     40      -     98     12      0      0      0      0   5000   1590      0      0   2493     43      0      0      0     74     21 
 20231009   18:31:13      0     45     40      -     98     11      0      0      0      0   5000   1590      0      0   2493     43      0      0      0     78     22 
 20231009   18:31:14      0     46     41      -     98     12      0      0      0      0   5000   1590      0      0   2493     43      0      0      0     80     22 
#Date       Time        gpu    pwr  gtemp  mtemp     sm    mem    enc    dec    jpg    ofa   mclk   pclk  pviol  tviol     fb   bar1  sbecc  dbecc    pci  rxpci  txpci 
#YYYYMMDD   HH:MM:SS    Idx      W      C      C      %      %      %      %      %      %    MHz    MHz      %   bool     MB     MB   errs   errs   errs   MB/s   MB/s 
 20231009   18:31:16      0     46     41      -     98     11      0      0      0      0   5000   1590      0      0   2493     43      0      0      0     80     22 
 20231009   18:31:17      0     46     41      -     98     10      0      0      0      0   5000   1590      0      0   2493     43      0      0      0     76     22 
 20231009   18:31:18      0     46     41      -     98     11      0      0      0      0   5000   1590      0      0   2493     43      0      0      0     69     23 
 20231009   18:31:19      0     46     41      -     98     10      0      0      0      0   5000   1590      0      0   2493     43      0      0      0     79     23 
 20231009   18:31:20      0     46     42      -     98     12      0      0      0      0   5000   1590      0      0   2493     43      0      0      0     78     21 
 20231009   18:31:21      0     47     42      -     98     13      0      0      0      0   5000   1590      0      0   2493     43      0      0      0     69     21 
 20231009   18:31:22      0     46     42      -     98     12      0      0      0      0   5000   1590      0      0   2493     43      0      0      0     66     20 
 20231009   18:31:23      0     46     42      -     98     13      0      0      0      0   5000   1590      0      0   2493     43      0      0      0     66     19 
 20231009   18:31:24      0     46     43      -     98     12      0      0      0      0   5000   1590      0      0   2493     43      0      0      0     78     21 
 20231009   18:31:25      0     46     43      -     98     13      0      0      0      0   5000   1590      0      0   2493     43      0      0      0     75     21 
 20231009   18:31:26      0     46     43      -     98     12      0      0      0      0   5000   1590      0      0   2493     43      0      0      0     71     22 
 20231009   18:31:27      0     46     43      -     98     12      0      0      0      0   5000   1590      0      0   2493     43      0      0      0     79     22 
 20231009   18:31:28      0     47     43      -     98     12      0      0      0      0   5000   1590      0      0   2493     43      0      0      0     79     22 
 20231009   18:31:29      0     47     43      -     98     12      0      0      0      0   5000   1590      0      0   2493     43      0      0      0     80     23 
 20231009   18:31:30      0     47     44      -     98     11      0      0      0      0   5000   1590      0      0   2493     43      0      0      0     78     22 
 20231009   18:31:31      0     46     44      -     98     11      0      0      0      0   5000   1590      0      0   2493     43      0      0      0     70     22 
 20231009   18:31:33      0     47     44      -     98     11      0      0      0      0   5000   1590      0      0   2493     43      0      0      0     77     21 
 20231009   18:31:34      0     48     44      -     98     11      0      0      0      0   5000   1590      0      0   2493     43      0      0      0     77     22 
 20231009   18:31:35      0     48     44      -     98     13      0      0      0      0   5000   1590      0      0   2493     43      0      0      0     74     21 
 20231009   18:31:36      0     47     45      -     98     11      0      0      0      0   5000   1590      0      0   2493     43      0      0      0     72     21 
 20231009   18:31:37      0     47     45      -     98     13      0      0      0      0   5000   1590      0      0   2493     43      0      0      0     66     20 
 20231009   18:31:38      0     47     45      -     98     12      0      0      0      0   5000   1590      0      0   2493     43      0      0      0     73     19 
 20231009   18:31:39      0     47     45      -     98     12      0      0      0      0   5000   1590      0      0   2493     43      0      0      0     72     22 
 20231009   18:31:40      0     47     45      -     98     12      0      0      0      0   5000   1590      0      0   2493     43      0      0      0     80     21 
 20231009   18:31:41      0     47     45      -     98     12      0      0      0      0   5000   1590      0      0   2493     43      0      0      0     77     23 
 20231009   18:31:42      0     47     46      -     98     11      0      0      0      0   5000   1590      0      0   2493     43      0      0      0     80     23 
 20231009   18:31:43      0     47     46      -     98     11      0      0      0      0   5000   1590      0      0   2493     43      0      0      0     78     22 
 20231009   18:31:44      0     48     46      -     98     11      0      0      0      0   5000   1590      0      0   2493     43      0      0      0     73     22 
 20231009   18:31:45      0     48     46      -     98     11      0      0      0      0   5000   1590      0      0   2493     43      0      0      0     73     19 
 20231009   18:31:46      0     48     46      -     98     12      0      0      0      0   5000   1590      0      0   2493     43      0      0      0     78     22 
 20231009   18:31:47      0     48     46      -     98     11      0      0      0      0   5000   1590      0      0   2493     43      0      0      0     74     22 
 20231009   18:31:48      0     49     46      -     98     12      0      0      0      0   5000   1590      0      0   2493     43      0      0      0     73     21 
 20231009   18:31:50      0     48     47      -     98     12      0      0      0      0   5000   1590      0      0   2493     43      0      0      0     63     21 
 20231009   18:31:51      0     47     47      -     98     12      0      0      0      0   5000   1590      0      0   2493     43      0      0      0     71     20 
 20231009   18:31:52      0     47     47      -     98     12      0      0      0      0   5000   1590      0      0   2493     43      0      0      0     74     22 
 20231009   18:31:53      0     47     47      -     98     12      0      0      0      0   5000   1590      0      0   2493     43      0      0      0     78     20 
 20231009   18:31:54      0     47     47      -     98     11      0      0      0      0   5000   1590      0      0   2493     43      0      0      0     76     23 
 20231009   18:31:55      0     49     47      -     98     12      0      0      0      0   5000   1590      0      0   2493     43      0      0      0     78     22 
 20231009   18:31:56      0     47     47      -     98     11      0      0      0      0   5000   1590      0      0   2493     43      0      0      0     79     22 
 20231009   18:31:57      0     48     48      -     98     11      0      0      0      0   5000   1590      0      0   2493     43      0      0      0     74     22 
 20231009   18:31:58      0     47     48      -     98     11      0      0      0      0   5000   1590      0      0   2493     43      0      0      0     77     21 
 20231009   18:31:59      0     47     48      -     98     11      0      0      0      0   5000   1590      0      0   2493     43      0      0      0     77     22 
 20231009   18:32:00      0     48     48      -     98     12      0      0      0      0   5000   1590      0      0   2493     43      0      0      0     71     22 
 20231009   18:32:01      0     48     48      -     98     12      0      0      0      0   5000   1590      0      0   2493     43      0      0      0     72     21 
#Date       Time        gpu    pwr  gtemp  mtemp     sm    mem    enc    dec    jpg    ofa   mclk   pclk  pviol  tviol     fb   bar1  sbecc  dbecc    pci  rxpci  txpci 
#YYYYMMDD   HH:MM:SS    Idx      W      C      C      %      %      %      %      %      %    MHz    MHz      %   bool     MB     MB   errs   errs   errs   MB/s   MB/s 
 20231009   18:32:02      0     47     48      -     98     12      0      0      0      0   5000   1590      0      0   2493     43      0      0      0     66     18 
 20231009   18:32:03      0     47     48      -     98     12      0      0      0      0   5000   1590      0      0   2493     43      0      0      0     74     22 
 20231009   18:32:04      0     47     48      -     98     12      0      0      0      0   5000   1590      0      0   2493     43      0      0      0     78     21 
 20231009   18:32:05      0     47     49      -     98     12      0      0      0      0   5000   1590      0      0   2493     43      0      0      0     74     22 
 20231009   18:32:06      0     47     49      -     98     12      0      0      0      0   5000   1590      0      0   2493     43      0      0      0     79     23 
 20231009   18:32:08      0     48     49      -     98     11      0      0      0      0   5000   1590      0      0   2493     43      0      0      0     77     23 
 20231009   18:32:09      0     47     49      -     98     11      0      0      0      0   5000   1590      0      0   2493     43      0      0      0     71     21 
 20231009   18:32:10      0     49     49      -     98     11      0      0      0      0   5000   1590      0      0   2493     43      0      0      0     79     20 
 20231009   18:32:11      0     48     49      -     98     11      0      0      0      0   5000   1590      0      0   2493     43      0      0      0     74     22 
 20231009   18:32:12      0     48     49      -     98     12      0      0      0      0   5000   1590      0      0   2493     43      0      0      0     74     22 
 20231009   18:32:13      0     48     49      -     98     12      0      0      0      0   5000   1590      0      0   2493     43      0      0      0     69     21 
 20231009   18:32:14      0     48     49      -     98     12      0      0      0      0   5000   1590      0      0   2493     43      0      0      0     72     20 
 20231009   18:32:15      0     48     50      -     98     12      0      0      0      0   5000   1590      0      0   2493     43      0      0      0     73     22 
 20231009   18:32:16      0     48     50      -     98     12      0      0      0      0   5000   1590      0      0   2493     43      0      0      0     79     22 
 20231009   18:32:17      0     48     50      -     98     12      0      0      0      0   5000   1590      0      0   2493     43      0      0      0     80     21 
 20231009   18:32:18      0     47     50      -     98     11      0      0      0      0   5000   1590      0      0   2493     43      0      0      0     79     23 
 20231009   18:32:19      0     48     50      -     98     11      0      0      0      0   5000   1590      0      0   2493     43      0      0      0     76     22 
 20231009   18:32:20      0     47     50      -     98     12      0      0      0      0   5000   1590      0      0   2493     43      0      0      0     75     21 
 20231009   18:32:21      0     48     50      -     98     11      0      0      0      0   5000   1590      0      0   2493     43      0      0      0     75     23 
 20231009   18:32:22      0     48     50      -     98     12      0      0      0      0   5000   1590      0      0   2493     43      0      0      0     77     22 
 20231009   18:32:23      0     49     50      -     98     12      0      0      0      0   5000   1590      0      0   2493     43      0      0      0     73     21 
 20231009   18:32:24      0     48     50      -     98     12      0      0      0      0   5000   1590      0      0   2493     43      0      0      0     65     19 
 20231009   18:32:26      0     48     51      -     98     12      0      0      0      0   5000   1590      0      0   2493     43      0      0      0     78     23 
 20231009   18:32:27      0     48     51      -     98     12      0      0      0      0   5000   1590      0      0   2493     43      0      0      0     79     21 
 20231009   18:32:28      0     48     51      -     98     11      0      0      0      0   5000   1590      0      0   2493     43      0      0      0     72     22 
 20231009   18:32:29      0     48     51      -     98     12      0      0      0      0   5000   1590      0      0   2493     43      0      0      0     79     23 
 20231009   18:32:30      0     48     51      -     98     11      0      0      0      0   5000   1590      0      0   2493     43      0      0      0     78     23 
 20231009   18:32:31      0     49     51      -     98     11      0      0      0      0   5000   1590      0      0   2493     43      0      0      0     71     21 
 20231009   18:32:32      0     48     51      -     98     11      0      0      0      0   5000   1590      0      0   2493     43      0      0      0     77     21 
 20231009   18:32:33      0     48     51      -     98     11      0      0      0      0   5000   1590      0      0   2493     43      0      0      0     77     22 
 20231009   18:32:34      0     48     51      -     98     12      0      0      0      0   5000   1590      0      0   2493     43      0      0      0     73     22 
 20231009   18:32:35      0     49     52      -     98     12      0      0      0      0   5000   1590      0      0   2493     43      0      0      0     72     21 
 20231009   18:32:36      0     48     52      -     98     12      0      0      0      0   5000   1590      0      0   2493     43      0      0      0     73     19 
 20231009   18:32:37      0     48     52      -     98     12      0      0      0      0   5000   1590      0      0   2493     43      0      0      0     75     22 
 20231009   18:32:38      0     48     52      -     98     12      0      0      0      0   5000   1590      0      0   2493     43      0      0      0     78     21 
 20231009   18:32:39      0     48     52      -     98     11      0      0      0      0   5000   1590      0      0   2493     43      0      0      0     79     23 
 20231009   18:32:40      0     48     52      -     98     11      0      0      0      0   5000   1590      0      0   2493     43      0      0      0     80     23 
 20231009   18:32:41      0     48     52      -     98     11      0      0      0      0   5000   1590      0      0   2493     43      0      0      0     77     21 
 20231009   18:32:42      0     49     52      -     98     11      0      0      0      0   5000   1590      0      0   2493     43      0      0      0     72     21 
 20231009   18:32:44      0     49     52      -     98     11      0      0      0      0   5000   1590      0      0   2493     43      0      0      0     77     22 
 20231009   18:32:45      0     50     52      -     98     12      0      0      0      0   5000   1590      0      0   2493     43      0      0      0     76     22 
 20231009   18:32:46      0     49     52      -     98     12      0      0      0      0   5000   1590      0      0   2493     43      0      0      0     72     20 
 20231009   18:32:47      0     49     52      -     98     12      0      0      0      0   5000   1590      0      0   2493     43      0      0      0     67     20 
 20231009   18:32:48      0     49     53      -     98     12      0      0      0      0   5000   1590      0      0   2493     43      0      0      0     77     23 
#Date       Time        gpu    pwr  gtemp  mtemp     sm    mem    enc    dec    jpg    ofa   mclk   pclk  pviol  tviol     fb   bar1  sbecc  dbecc    pci  rxpci  txpci 
#YYYYMMDD   HH:MM:SS    Idx      W      C      C      %      %      %      %      %      %    MHz    MHz      %   bool     MB     MB   errs   errs   errs   MB/s   MB/s 
 20231009   18:32:49      0     49     53      -     98     12      0      0      0      0   5000   1590      0      0   2493     43      0      0      0     75     22 
 20231009   18:32:50      0     49     53      -     98     12      0      0      0      0   5000   1590      0      0   2493     43      0      0      0     78     23 
 20231009   18:32:51      0     49     53      -     98     12      0      0      0      0   5000   1590      0      0   2493     43      0      0      0     82     23 
 20231009   18:32:52      0     49     53      -     98     11      0      0      0      0   5000   1590      0      0   2493     43      0      0      0     75     22 
 20231009   18:32:53      0     50     53      -     98     11      0      0      0      0   5000   1590      0      0   2493     43      0      0      0     75     21 
 20231009   18:32:54      0     49     53      -     98     12      0      0      0      0   5000   1590      0      0   2493     43      0      0      0     79     21 
 20231009   18:32:55      0     49     53      -     98     11      0      0      0      0   5000   1590      0      0   2493     43      0      0      0     80     22 
 20231009   18:32:56      0     49     53      -     98     12      0      0      0      0   5000   1590      0      0   2493     43      0      0      0     73     22 
 20231009   18:32:57      0     50     53      -     98     12      0      0      0      0   5000   1590      0      0   2493     43      0      0      0     73     21 
 20231009   18:32:58      0     50     54      -     98     12      0      0      0      0   5000   1590      0      0   2493     43      0      0      0     74     19 
 20231009   18:32:59      0     49     54      -     98     12      0      0      0      0   5000   1590      0      0   2493     43      0      0      0     74     22 
 20231009   18:33:00      0     49     54      -     98     12      0      0      0      0   5000   1590      0      0   2493     43      0      0      0     77     23 
 20231009   18:33:02      0     49     54      -     98     11      0      0      0      0   5000   1590      0      0   2493     43      0      0      0     78     22 
 20231009   18:33:03      0     49     54      -     98     12      0      0      0      0   5000   1590      0      0   2493     43      0      0      0     80     23 
 20231009   18:33:04      0     50     54      -     98     11      0      0      0      0   5000   1590      0      0   2493     43      0      0      0     75     22 
 20231009   18:33:05      0     49     54      -     98     11      0      0      0      0   5000   1590      0      0   2493     43      0      0      0     74     21 
 20231009   18:33:06      0     50     54      -     98     12      0      0      0      0   5000   1590      0      0   2493     43      0      0      0     77     22 
 20231009   18:33:07      0     49     54      -     98     11      0      0      0      0   5000   1590      0      0   2493     43      0      0      0     77     22 
 20231009   18:33:08      0     50     54      -     98     12      0      0      0      0   5000   1590      0      0   2493     43      0      0      0     73     20 
 20231009   18:33:09      0     50     54      -     98     12      0      0      0      0   5000   1590      0      0   2493     43      0      0      0     67     19 
 20231009   18:33:10      0     49     54      -     98     12      0      0      0      0   5000   1590      0      0   2493     43      0      0      0     78     21 
 20231009   18:33:11      0     49     54      -     98     12      0      0      0      0   5000   1590      0      0   2493     43      0      0      0     77     21 
 20231009   18:33:12      0     49     55      -     98     12      0      0      0      0   5000   1590      0      0   2493     43      0      0      0     76     22 
 20231009   18:33:13      0     49     55      -     98     11      0      0      0      0   5000   1590      0      0   2493     43      0      0      0     80     23 
 20231009   18:33:14      0     49     55      -     98     12      0      0      0      0   5000   1590      0      0   2493     43      0      0      0     75     22 
 20231009   18:33:15      0     49     55      -     98     11      0      0      0      0   5000   1590      0      0   2493     43      0      0      0     77     22 
 20231009   18:33:16      0     50     55      -     98     11      0      0      0      0   5000   1590      0      0   2493     43      0      0      0     78     22 
 20231009   18:33:17      0     50     55      -     98     11      0      0      0      0   5000   1590      0      0   2493     43      0      0      0     79     21 
 20231009   18:33:19      0     49     55      -     98     12      0      0      0      0   5000   1590      0      0   2493     43      0      0      0     72     21 
 20231009   18:33:20      0     49     55      -     98     12      0      0      0      0   5000   1590      0      0   2493     43      0      0      0     71     21 
 20231009   18:33:21      0     50     55      -     98     12      0      0      0      0   5000   1590      0      0   2493     43      0      0      0     75     20 
 20231009   18:33:22      0     49     55      -     98     12      0      0      0      0   5000   1590      0      0   2493     43      0      0      0     72     22 
 20231009   18:33:23      0     49     55      -     98     12      0      0      0      0   5000   1590      0      0   2493     43      0      0      0     76     22 
 20231009   18:33:24      0     49     55      -     98     11      0      0      0      0   5000   1590      0      0   2493     43      0      0      0     80     21 
 20231009   18:33:25      0     50     55      -     98     11      0      0      0      0   5000   1590      0      0   2493     43      0      0      0     78     23 
 20231009   18:33:26      0     50     56      -     98     11      0      0      0      0   5000   1590      0      0   2493     43      0      0      0     76     22 
 20231009   18:33:27      0     50     56      -     98     11      0      0      0      0   5000   1590      0      0   2493     43      0      0      0     77     21 
 20231009   18:33:28      0     50     56      -     98     12      0      0      0      0   5000   1590      0      0   2493     43      0      0      0     79     22 
 20231009   18:33:29      0     50     56      -     98     11      0      0      0      0   5000   1590      0      0   2493     43      0      0      0     71     22 
 20231009   18:33:30      0     50     56      -     98     12      0      0      0      0   5000   1590      0      0   2493     43      0      0      0     72     21 
 20231009   18:33:31      0     50     56      -     98     12      0      0      0      0   5000   1590      0      0   2493     43      0      0      0     72     20 
 20231009   18:33:32      0     50     56      -     98     12      0      0      0      0   5000   1590      0      0   2493     43      0      0      0     73     21 
 20231009   18:33:33      0     50     56      -     98     12      0      0      0      0   5000   1590      0      0   2493     43      0      0      0     79     22 
 20231009   18:33:34      0     50     56      -     98     12      0      0      0      0   5000   1590      0      0   2493     43      0      0      0     82     21 
#Date       Time        gpu    pwr  gtemp  mtemp     sm    mem    enc    dec    jpg    ofa   mclk   pclk  pviol  tviol     fb   bar1  sbecc  dbecc    pci  rxpci  txpci 
#YYYYMMDD   HH:MM:SS    Idx      W      C      C      %      %      %      %      %      %    MHz    MHz      %   bool     MB     MB   errs   errs   errs   MB/s   MB/s 
 20231009   18:33:35      0     50     56      -     98     11      0      0      0      0   5000   1590      0      0   2493     43      0      0      0     80     22 
 20231009   18:33:37      0     50     56      -     98     11      0      0      0      0   5000   1590      0      0   2493     43      0      0      0     77     22 
 20231009   18:33:38      0     49     56      -     98     11      0      0      0      0   5000   1590      0      0   2493     43      0      0      0     76     22 
 20231009   18:33:39      0     50     56      -     98     11      0      0      0      0   5000   1590      0      0   2493     43      0      0      0     79     22 
 20231009   18:33:40      0     50     56      -     98     12      0      0      0      0   5000   1590      0      0   2493     43      0      0      0     73     22 
 20231009   18:33:41      0     50     56      -     98     12      0      0      0      0   5000   1590      0      0   2493     43      0      0      0     74     21 
 20231009   18:33:42      0     50     56      -     98     12      0      0      0      0   5000   1590      0      0   2493     43      0      0      0     71     18 
 20231009   18:33:43      0     49     57      -     98     12      0      0      0      0   5000   1590      0      0   2493     43      0      0      0     72     21 
 20231009   18:33:44      0     50     57      -     98     11      0      0      0      0   5000   1590      0      0   2493     43      0      0      0     79     22 
 20231009   18:33:45      0     50     57      -     98     12      0      0      0      0   5000   1590      0      0   2493     43      0      0      0     80     21 
 20231009   18:33:46      0     50     57      -     98     11      0      0      0      0   5000   1590      0      0   2493     43      0      0      0     80     23 
 20231009   18:33:47      0     50     57      -     98     11      0      0      0      0   5000   1590      0      0   2493     43      0      0      0     78     22 
 20231009   18:33:48      0     50     57      -     98     11      0      0      0      0   5000   1590      0      0   2493     43      0      0      0     73     21 
 20231009   18:33:49      0     50     57      -     98     11      0      0      0      0   5000   1590      0      0   2493     43      0      0      0     78     22 
 20231009   18:33:50      0     52     57      -     98     12      0      0      0      0   5000   1590      0      0   2493     43      0      0      0     75     22 
 20231009   18:33:51      0     51     57      -     98     12      0      0      0      0   5000   1590      0      0   2493     43      0      0      0     75     21 
 20231009   18:33:52      0     50     57      -     98     12      0      0      0      0   5000   1590      0      0   2493     43      0      0      0     71     20 
 20231009   18:33:53      0     50     57      -     98     12      0      0      0      0   5000   1590      0      0   2493     43      0      0      0     73     22 
 20231009   18:33:55      0     50     57      -     98     12      0      0      0      0   5000   1590      0      0   2493     43      0      0      0     76     21 
 20231009   18:33:56      0     50     57      -     98     12      0      0      0      0   5000   1590      0      0   2493     43      0      0      0     80     21 
 20231009   18:33:57      0     51     57      -     98     12      0      0      0      0   5000   1590      0      0   2493     43      0      0      0     79     23 
 20231009   18:33:58      0     50     57      -     98     11      0      0      0      0   5000   1590      0      0   2493     43      0      0      0     78     22 
 20231009   18:33:59      0     50     58      -     98     11      0      0      0      0   5000   1590      0      0   2493     43      0      0      0     76     21 
 20231009   18:34:00      0     50     57      -     98     11      0      0      0      0   5000   1590      0      0   2493     43      0      0      0     78     22 
 20231009   18:34:01      0     51     58      -     98     12      0      0      0      0   5000   1590      0      0   2493     43      0      0      0     74     21 
 20231009   18:34:02      0     51     58      -     98     12      0      0      0      0   5000   1590      0      0   2493     43      0      0      0     67     21 
 20231009   18:34:03      0     51     58      -     98     12      0      0      0      0   5000   1590      0      0   2493     43      0      0      0     76     21 
 20231009   18:34:04      0     50     58      -     98     12      0      0      0      0   5000   1590      0      0   2493     43      0      0      0     75     21 
 20231009   18:34:05      0     50     58      -     98     12      0      0      0      0   5000   1590      0      0   2493     43      0      0      0     71     22 
 20231009   18:34:06      0     50     58      -     98     11      0      0      0      0   5000   1590      0      0   2493     43      0      0      0     81     23 
 20231009   18:34:07      0     50     58      -     98     11      0      0      0      0   5000   1590      0      0   2493     43      0      0      0     77     22 
 20231009   18:34:08      0     50     58      -     98     11      0      0      0      0   5000   1590      0      0   2493     43      0      0      0     76     22 
 20231009   18:34:09      0     50     58      -     98     11      0      0      0      0   5000   1590      0      0   2493     43      0      0      0     80     22 
 20231009   18:34:10      0     50     58      -     98     10      0      0      0      0   5000   1590      0      0   2493     43      0      0      0     73     22 
 20231009   18:34:11      0     51     58      -     98     12      0      0      0      0   5000   1590      0      0   2493     43      0      0      0     69     21 
 20231009   18:34:13      0     50     58      -     98     12      0      0      0      0   5000   1590      0      0   2493     43      0      0      0     79     21 
 20231009   18:34:14      0     50     58      -     98     12      0      0      0      0   5000   1590      0      0   2493     43      0      0      0     71     21 
 20231009   18:34:15      0     50     58      -     98     12      0      0      0      0   5000   1590      0      0   2493     43      0      0      0     76     22 
 20231009   18:34:16      0     50     58      -     98     11      0      0      0      0   5000   1590      0      0   2493     43      0      0      0     79     23 
 20231009   18:34:17      0     50     58      -     98     10      0      0      0      0   5000   1590      0      0   2493     43      0      0      0     76     22 
 20231009   18:34:18      0     50     58      -     98     11      0      0      0      0   5000   1590      0      0   2493     43      0      0      0     76     22 
 20231009   18:34:19      0     50     58      -     98     11      0      0      0      0   5000   1590      0      0   2493     43      0      0      0     76     22 
 20231009   18:34:20      0     51     58      -     98     12      0      0      0      0   5000   1590      0      0   2493     43      0      0      0     73     21 
 20231009   18:34:21      0     51     58      -     98     12      0      0      0      0   5000   1590      0      0   2493     43      0      0      0     73     21 
#Date       Time        gpu    pwr  gtemp  mtemp     sm    mem    enc    dec    jpg    ofa   mclk   pclk  pviol  tviol     fb   bar1  sbecc  dbecc    pci  rxpci  txpci 
#YYYYMMDD   HH:MM:SS    Idx      W      C      C      %      %      %      %      %      %    MHz    MHz      %   bool     MB     MB   errs   errs   errs   MB/s   MB/s 
 20231009   18:34:22      0     51     59      -     98     12      0      0      0      0   5000   1590      0      0   2493     43      0      0      0     77     22 
 20231009   18:34:23      0     51     59      -     98     12      0      0      0      0   5000   1590      0      0   2493     43      0      0      0     74     20 
 20231009   18:34:24      0     50     59      -     98     11      0      0      0      0   5000   1590      0      0   2493     43      0      0      0     74     22 
 20231009   18:34:25      0     50     59      -     98     11      0      0      0      0   5000   1590      0      0   2493     43      0      0      0     79     23 
 20231009   18:34:26      0     51     59      -     98     11      0      0      0      0   5000   1590      0      0   2493     43      0      0      0     78     22 
 20231009   18:34:27      0     50     59      -     98     11      0      0      0      0   5000   1590      0      0   2493     43      0      0      0     74     21 
 20231009   18:34:28      0     52     59      -     98     12      0      0      0      0   5000   1590      0      0   2493     43      0      0      0     78     22 
 20231009   18:34:29      0     51     59      -     98     11      0      0      0      0   5000   1590      0      0   2493     43      0      0      0     76     21 
 20231009   18:34:31      0     52     59      -     98     12      0      0      0      0   5000   1590      0      0   2493     43      0      0      0     69     20 
 20231009   18:34:32      0     50     59      -     98     12      0      0      0      0   5000   1590      0      0   2493     43      0      0      0     76     22 
 20231009   18:34:33      0     51     59      -     98     12      0      0      0      0   5000   1590      0      0   2493     43      0      0      0     71     20 
 20231009   18:34:34      0     51     59      -     98     12      0      0      0      0   5000   1590      0      0   2493     43      0      0      0     80     21 
 20231009   18:34:35      0     51     59      -     98     11      0      0      0      0   5000   1590      0      0   2493     43      0      0      0     79     23 
 20231009   18:34:36      0     50     59      -     98     11      0      0      0      0   5000   1590      0      0   2493     43      0      0      0     76     22 
 20231009   18:34:37      0     50     59      -     98     11      0      0      0      0   5000   1590      0      0   2493     43      0      0      0     79     22 
 20231009   18:34:38      0     51     59      -     98     11      0      0      0      0   5000   1590      0      0   2493     43      0      0      0     77     22 
 20231009   18:34:39      0     50     59      -     98     12      0      0      0      0   5000   1590      0      0   2493     43      0      0      0     74     21 
 20231009   18:34:40      0     51     59      -     98     12      0      0      0      0   5000   1590      0      0   2493     43      0      0      0     80     21 
 20231009   18:34:41      0     52     59      -     98     12      0      0      0      0   5000   1590      0      0   2493     43      0      0      0     71     21 
 20231009   18:34:42      0     50     59      -     98     12      0      0      0      0   5000   1590      0      0   2493     43      0      0      0     75     21 
 20231009   18:34:43      0     52     60      -     98     11      0      0      0      0   5000   1590      0      0   2493     43      0      0      0     80     23 
 20231009   18:34:44      0     51     60      -     98     11      0      0      0      0   5000   1590      0      0   2493     43      0      0      0     78     23 
 20231009   18:34:45      0     51     60      -     98     11      0      0      0      0   5000   1590      0      0   2493     43      0      0      0     76     21 
 20231009   18:34:46      0     52     60      -     98     11      0      0      0      0   5000   1590      0      0   2493     43      0      0      0     76     22 
 20231009   18:34:48      0     51     60      -     98     12      0      0      0      0   5000   1590      0      0   2493     43      0      0      0     73     22 
 20231009   18:34:49      0     51     60      -     98     12      0      0      0      0   5000   1590      0      0   2493     43      0      0      0     74     21 
 20231009   18:34:50      0     51     60      -     98     12      0      0      0      0   5000   1590      0      0   2493     43      0      0      0     77     22 
 20231009   18:34:51      0     50     60      -     98     12      0      0      0      0   5000   1590      0      0   2493     43      0      0      0     73     20 
 20231009   18:34:52      0     51     60      -     98     12      0      0      0      0   5000   1590      0      0   2493     43      0      0      0     78     22 
 20231009   18:34:53      0     52     60      -     98     11      0      0      0      0   5000   1590      0      0   2493     43      0      0      0     80     23 
 20231009   18:34:54      0     51     60      -     98     11      0      0      0      0   5000   1590      0      0   2493     43      0      0      0     75     22 
 20231009   18:34:55      0     51     60      -     98     11      0      0      0      0   5000   1590      0      0   2493     43      0      0      0     77     20 
 20231009   18:34:56      0     51     60      -     98     10      0      0      0      0   5000   1590      0      0   2493     43      0      0      0     78     23 
 20231009   18:34:57      0     51     60      -     98     12      0      0      0      0   5000   1590      0      0   2493     43      0      0      0     72     20 
 20231009   18:34:58      0     51     60      -     98     12      0      0      0      0   5000   1590      0      0   2245     39      0      0      0    283     42 
 20231009   18:34:59      0     41     60      -      6      1      0      0      0      0   5000   1590      0      0      9      3      0      0      0      0      0 
 20231009   18:35:01      0     37     59      -      0      0      0      0      0      0   5000   1590      0      0      6      2      0      0      0      0      0 
 20231009   18:35:02      0     28     58      -      0      0      0      0      0      0   5000    360      0      0      6      2      0      0      0      0      0 
 20231009   18:35:03      0     28     58      -      0      0      0      0      0      0   5000    360      0      0      6      2      0      0      0      0      0 
 20231009   18:35:04      0     10     57      -      0      0      0      0      0      0    405    300      0      0      6      2      0      0      0      0      0 
 20231009   18:35:05      0     10     56      -      0      0      0      0      0      0    405    300      0      0      6      2      0      0      0      0      0 
 20231009   18:35:06      0     10     56      -      0      0      0      0      0      0    405    300      0      0      6      2      0      0      0      0      0 
 20231009   18:35:07      0     10     56      -      0      0      0      0      0      0    405    300      0      0      6      2      0      0      0      0      0 
 20231009   18:35:08      0     10     55      -      0      0      0      0      0      0    405    300      0      0      6      2      0      0      0      0      0 
#Date       Time        gpu    pwr  gtemp  mtemp     sm    mem    enc    dec    jpg    ofa   mclk   pclk  pviol  tviol     fb   bar1  sbecc  dbecc    pci  rxpci  txpci 
#YYYYMMDD   HH:MM:SS    Idx      W      C      C      %      %      %      %      %      %    MHz    MHz      %   bool     MB     MB   errs   errs   errs   MB/s   MB/s 
 20231009   18:35:09      0     10     55      -      0      0      0      0      0      0    405    300      0      0      6      2      0      0      0      0      0 
 20231009   18:35:10      0     10     54      -      0      0      0      0      0      0    405    300      0      0      6      2      0      0      0      0      0 
 20231009   18:35:11      0     10     54      -      0      0      0      0      0      0    405    300      0      0      6      2      0      0      0      0      0 
 20231009   18:35:12      0     10     54      -      0      0      0      0      0      0    405    300      0      0      6      2      0      0      0      0      0 
 20231009   18:35:13      0     10     53      -      0      0      0      0      0      0    405    300      0      0      6      2      0      0      0      0      0 
 20231009   18:35:14      0     10     53      -      0      0      0      0      0      0    405    300      0      0      6      2      0      0      0      0      0 
 20231009   18:35:16      0     10     53      -      0      0      0      0      0      0    405    300      0      0      6      2      0      0      0      0      0 
 20231009   18:35:17      0     10     53      -      0      0      0      0      0      0    405    300      0      0      6      2      0      0      0      0      0 
 20231009   18:35:18      0     10     52      -      0      0      0      0      0      0    405    300      0      0      6      2      0      0      0      0      0 
 20231009   18:35:19      0     10     52      -      0      0      0      0      0      0    405    300      0      0      6      2      0      0      0      0      0 
 20231009   18:35:20      0     10     52      -      0      0      0      0      0      0    405    300      0      0      6      2      0      0      0      0      0 
 20231009   18:35:21      0     10     51      -      0      0      0      0      0      0    405    300      0      0      6      2      0      0      0      0      0 
 20231009   18:35:22      0      9     51      -      0      0      0      0      0      0    405    300      0      0      6      2      0      0      0      0      0 
 20231009   18:35:23      0      9     51      -      0      0      0      0      0      0    405    300      0      0      6      2      0      0      0      0      0 
 20231009   18:35:24      0      9     50      -      0      0      0      0      0      0    405    300      0      0      6      2      0      0      0      0      0 
 20231009   18:35:25      0      9     50      -      0      0      0      0      0      0    405    300      0      0      6      2      0      0      0      0      0 
 20231009   18:35:26      0      9     50      -      0      0      0      0      0      0    405    300      0      0      6      2      0      0      0      0      0 
 20231009   18:35:27      0      9     50      -      0      0      0      0      0      0    405    300      0      0      6      2      0      0      0      0      0 
 20231009   18:35:28      0      9     49      -      0      0      0      0      0      0    405    300      0      0      6      2      0      0      0      0      0 
 20231009   18:35:29      0      9     49      -      0      0      0      0      0      0    405    300      0      0      6      2      0      0      0      0      0 
 20231009   18:35:31      0      9     49      -      0      0      0      0      0      0    405    300      0      0      6      2      0      0      0      0      0 
 20231009   18:35:32      0      9     49      -      0      0      0      0      0      0    405    300      0      0      6      2      0      0      0      0      0 
 20231009   18:35:33      0     10     48      -      0      0      0      0      0      0    405    300      0      0      6      2      0      0      0      0      0 
 20231009   18:35:34      0     10     48      -      0      0      0      0      0      0    405    300      0      0      6      2      0      0      0      0      0 
 20231009   18:35:35      0      9     48      -      0      0      0      0      0      0    405    300      0      0      6      2      0      0      0      0      0 
 20231009   18:35:36      0     10     48      -      0      0      0      0      0      0    405    300      0      0      6      2      0      0      0      0      0 
 20231009   18:35:37      0      9     48      -      0      0      0      0      0      0    405    300      0      0      6      2      0      0      0      0      0 
 20231009   18:35:38      0      9     47      -      0      0      0      0      0      0    405    300      0      0      6      2      0      0      0      0      0 
 20231009   18:35:39      0      9     47      -      0      0      0      0      0      0    405    300      0      0      6      2      0      0      0      0      0 
 20231009   18:35:40      0     10     47      -      0      0      0      0      0      0    405    300      0      0      6      2      0      0      0      0      0 
